% 11/22/14 1:54:14 PM 
 %time(s);  Meter 1;   Meter 2;   none; 
0.000E+0	2.499E-1	-3.463E-2	0.000E+0
1.244E-1	2.499E-1	-3.454E-2	0.000E+0
2.503E-1	2.499E-1	-3.444E-2	0.000E+0
3.768E-1	2.499E-1	-3.435E-2	0.000E+0
5.038E-1	2.499E-1	-3.447E-2	0.000E+0
7.229E-1	2.499E-1	-3.459E-2	0.000E+0
9.134E-1	2.499E-1	-3.462E-2	0.000E+0
1.039E+0	2.498E-1	-3.449E-2	0.000E+0
1.166E+0	2.499E-1	-3.448E-2	0.000E+0
1.292E+0	2.502E-1	-3.454E-2	0.000E+0
1.419E+0	2.557E-1	-3.441E-2	0.000E+0
1.545E+0	2.736E-1	-3.446E-2	0.000E+0
1.670E+0	2.910E-1	-3.432E-2	0.000E+0
1.822E+0	3.196E-1	-3.448E-2	0.000E+0
2.015E+0	3.357E-1	-3.452E-2	0.000E+0
2.142E+0	3.373E-1	-3.457E-2	0.000E+0
2.268E+0	3.382E-1	-3.448E-2	0.000E+0
2.394E+0	3.387E-1	-3.444E-2	0.000E+0
2.519E+0	3.417E-1	-3.455E-2	0.000E+0
2.646E+0	3.452E-1	-3.453E-2	0.000E+0
2.772E+0	3.466E-1	-3.447E-2	0.000E+0
2.924E+0	3.478E-1	-3.468E-2	0.000E+0
3.116E+0	3.481E-1	-3.462E-2	0.000E+0
3.242E+0	3.564E-1	-3.459E-2	0.000E+0
3.368E+0	3.574E-1	-3.452E-2	0.000E+0
3.496E+0	3.655E-1	-3.448E-2	0.000E+0
3.623E+0	3.727E-1	-3.449E-2	0.000E+0
3.748E+0	3.757E-1	-3.446E-2	0.000E+0
3.874E+0	3.797E-1	-3.447E-2	0.000E+0
4.025E+0	3.886E-1	-3.447E-2	0.000E+0
4.216E+0	3.940E-1	-3.442E-2	0.000E+0
4.342E+0	4.152E-1	-3.422E-2	0.000E+0
4.468E+0	4.243E-1	-3.422E-2	0.000E+0
4.594E+0	4.248E-1	-3.439E-2	0.000E+0
4.720E+0	4.251E-1	-3.438E-2	0.000E+0
4.844E+0	4.253E-1	-3.442E-2	0.000E+0
4.971E+0	4.256E-1	-3.425E-2	0.000E+0
5.504E+0	4.266E-1	-3.427E-2	0.000E+0
5.630E+0	4.267E-1	-3.424E-2	0.000E+0
5.755E+0	4.518E-1	-3.410E-2	0.000E+0
5.882E+0	4.621E-1	-3.418E-2	0.000E+0
6.008E+0	4.621E-1	-3.409E-2	0.000E+0
6.224E+0	4.624E-1	-3.426E-2	0.000E+0
6.418E+0	4.626E-1	-3.412E-2	0.000E+0
6.544E+0	4.623E-1	-3.412E-2	0.000E+0
6.670E+0	4.625E-1	-3.416E-2	0.000E+0
6.797E+0	4.626E-1	-3.415E-2	0.000E+0
6.923E+0	4.626E-1	-3.407E-2	0.000E+0
7.049E+0	4.626E-1	-3.416E-2	0.000E+0
7.176E+0	4.625E-1	-3.415E-2	0.000E+0
7.327E+0	4.629E-1	-3.409E-2	0.000E+0
7.519E+0	4.633E-1	-3.412E-2	0.000E+0
7.645E+0	4.641E-1	-3.412E-2	0.000E+0
7.771E+0	4.943E-1	-3.373E-2	0.000E+0
7.898E+0	4.961E-1	-3.369E-2	0.000E+0
8.024E+0	4.961E-1	-3.384E-2	0.000E+0
8.150E+0	4.963E-1	-3.384E-2	0.000E+0
8.278E+0	4.962E-1	-3.389E-2	0.000E+0
8.427E+0	4.961E-1	-3.389E-2	0.000E+0
8.620E+0	4.962E-1	-3.385E-2	0.000E+0
8.747E+0	4.967E-1	-3.390E-2	0.000E+0
8.873E+0	4.967E-1	-3.388E-2	0.000E+0
9.001E+0	4.966E-1	-3.384E-2	0.000E+0
9.126E+0	4.966E-1	-3.384E-2	0.000E+0
9.252E+0	4.966E-1	-3.384E-2	0.000E+0
9.379E+0	4.967E-1	-3.387E-2	0.000E+0
9.529E+0	4.967E-1	-3.298E-2	0.000E+0
9.720E+0	5.413E-1	-3.271E-2	0.000E+0
9.847E+0	5.425E-1	-3.284E-2	0.000E+0
9.974E+0	5.424E-1	-3.277E-2	0.000E+0
1.010E+1	5.434E-1	-3.272E-2	0.000E+0
1.023E+1	5.436E-1	-3.279E-2	0.000E+0
1.035E+1	5.439E-1	-3.276E-2	0.000E+0
1.048E+1	5.439E-1	-3.287E-2	0.000E+0
1.101E+1	6.430E-1	-2.722E-2	0.000E+0
1.113E+1	6.480E-1	-2.725E-2	0.000E+0
1.126E+1	6.482E-1	-2.728E-2	0.000E+0
1.138E+1	6.487E-1	-2.726E-2	0.000E+0
1.151E+1	6.485E-1	-2.737E-2	0.000E+0
1.173E+1	6.490E-1	-2.738E-2	0.000E+0
1.192E+1	6.499E-1	-2.732E-2	0.000E+0
1.205E+1	6.753E-1	-2.711E-2	0.000E+0
1.217E+1	6.902E-1	-2.479E-2	0.000E+0
1.230E+1	6.925E-1	-2.488E-2	0.000E+0
1.243E+1	6.939E-1	-2.472E-2	0.000E+0
1.255E+1	6.945E-1	-2.477E-2	0.000E+0
1.268E+1	6.947E-1	-2.473E-2	0.000E+0
1.283E+1	6.958E-1	-2.437E-2	0.000E+0
1.302E+1	7.092E-1	-2.408E-2	0.000E+0
1.315E+1	7.111E-1	-2.376E-2	0.000E+0
1.328E+1	7.283E-1	-2.264E-2	0.000E+0
1.340E+1	7.434E-1	-2.269E-2	0.000E+0
1.353E+1	7.433E-1	-2.279E-2	0.000E+0
1.365E+1	7.438E-1	-2.277E-2	0.000E+0
1.378E+1	7.444E-1	-2.282E-2	0.000E+0
1.393E+1	7.445E-1	-2.291E-2	0.000E+0
1.412E+1	7.447E-1	-2.294E-2	0.000E+0
1.425E+1	7.527E-1	-2.223E-2	0.000E+0
1.438E+1	7.617E-1	-2.227E-2	0.000E+0
1.450E+1	7.620E-1	-2.230E-2	0.000E+0
1.463E+1	7.619E-1	-2.224E-2	0.000E+0
1.475E+1	7.623E-1	-2.216E-2	0.000E+0
1.488E+1	7.761E-1	-2.200E-2	0.000E+0
1.503E+1	7.952E-1	-2.168E-2	0.000E+0
1.522E+1	7.995E-1	-2.062E-2	0.000E+0
1.535E+1	8.413E-1	-2.077E-2	0.000E+0
1.548E+1	8.418E-1	-2.101E-2	0.000E+0
1.560E+1	8.417E-1	-2.087E-2	0.000E+0
1.573E+1	8.417E-1	-2.108E-2	0.000E+0
1.585E+1	8.419E-1	-2.113E-2	0.000E+0
1.598E+1	8.420E-1	-2.115E-2	0.000E+0
1.651E+1	8.422E-1	-2.089E-2	0.000E+0
1.664E+1	8.663E-1	-2.099E-2	0.000E+0
1.677E+1	8.695E-1	-2.112E-2	0.000E+0
1.689E+1	8.800E-1	-2.060E-2	0.000E+0
1.701E+1	9.000E-1	-2.034E-2	0.000E+0
1.723E+1	9.031E-1	-2.062E-2	0.000E+0
1.742E+1	9.031E-1	-2.054E-2	0.000E+0
1.755E+1	9.035E-1	-2.072E-2	0.000E+0
1.768E+1	9.037E-1	-2.079E-2	0.000E+0
1.780E+1	9.035E-1	-2.082E-2	0.000E+0
1.793E+1	9.035E-1	-2.098E-2	0.000E+0
1.805E+1	9.042E-1	-2.086E-2	0.000E+0
1.818E+1	9.042E-1	-2.094E-2	0.000E+0
1.833E+1	9.267E-1	-1.990E-2	0.000E+0
1.853E+1	9.316E-1	-1.778E-2	0.000E+0
1.865E+1	9.624E-1	-1.795E-2	0.000E+0
1.878E+1	9.629E-1	-1.797E-2	0.000E+0
1.890E+1	9.630E-1	-1.821E-2	0.000E+0
1.903E+1	9.632E-1	-1.813E-2	0.000E+0
1.916E+1	9.635E-1	-1.827E-2	0.000E+0
1.928E+1	9.635E-1	-1.817E-2	0.000E+0
1.943E+1	9.635E-1	-1.844E-2	0.000E+0
1.963E+1	9.636E-1	-1.841E-2	0.000E+0
1.975E+1	9.650E-1	-1.605E-2	0.000E+0
1.988E+1	9.895E-1	-1.556E-2	0.000E+0
2.000E+1	9.900E-1	-1.545E-2	0.000E+0
2.013E+1	9.912E-1	-1.544E-2	0.000E+0
2.025E+1	9.915E-1	-1.572E-2	0.000E+0
2.038E+1	9.944E-1	-1.460E-2	0.000E+0
2.053E+1	1.000E+0	-1.442E-2	0.000E+0
2.073E+1	1.001E+0	-1.449E-2	0.000E+0
2.085E+1	1.001E+0	-1.455E-2	0.000E+0
2.098E+1	1.001E+0	-1.457E-2	0.000E+0
2.110E+1	1.001E+0	-1.466E-2	0.000E+0
2.123E+1	1.001E+0	-1.467E-2	0.000E+0
2.135E+1	1.001E+0	-1.467E-2	0.000E+0
2.148E+1	1.002E+0	-1.388E-2	0.000E+0
2.201E+1	1.032E+0	-8.853E-3	0.000E+0
2.214E+1	1.033E+0	-9.041E-3	0.000E+0
2.227E+1	1.033E+0	-9.059E-3	0.000E+0
2.239E+1	1.033E+0	-8.995E-3	0.000E+0
2.252E+1	1.033E+0	-9.105E-3	0.000E+0
2.274E+1	1.034E+0	-9.088E-3	0.000E+0
2.293E+1	1.034E+0	-8.940E-3	0.000E+0
2.306E+1	1.037E+0	-7.597E-3	0.000E+0
2.318E+1	1.041E+0	-7.367E-3	0.000E+0
2.331E+1	1.049E+0	4.881E-4	0.000E+0
2.343E+1	1.068E+0	7.726E-4	0.000E+0
2.356E+1	1.069E+0	4.625E-4	0.000E+0
2.368E+1	1.069E+0	5.172E-4	0.000E+0
2.384E+1	1.069E+0	3.649E-4	0.000E+0
2.403E+1	1.069E+0	2.833E-3	0.000E+0
2.415E+1	1.085E+0	7.626E-3	0.000E+0
2.428E+1	1.090E+0	8.051E-3	0.000E+0
2.441E+1	1.090E+0	8.015E-3	0.000E+0
2.453E+1	1.090E+0	7.987E-3	0.000E+0
2.466E+1	1.091E+0	7.829E-3	0.000E+0
2.478E+1	1.090E+0	7.800E-3	0.000E+0
2.494E+1	1.091E+0	7.800E-3	0.000E+0
2.513E+1	1.091E+0	7.861E-3	0.000E+0
2.526E+1	1.091E+0	7.967E-3	0.000E+0
2.538E+1	1.096E+0	1.027E-2	0.000E+0
2.551E+1	1.107E+0	1.845E-2	0.000E+0
2.564E+1	1.118E+0	1.912E-2	0.000E+0
2.576E+1	1.119E+0	1.883E-2	0.000E+0
2.589E+1	1.119E+0	1.876E-2	0.000E+0
2.604E+1	1.119E+0	1.850E-2	0.000E+0
2.623E+1	1.130E+0	2.376E-2	0.000E+0
2.636E+1	1.133E+0	2.364E-2	0.000E+0
2.648E+1	1.133E+0	2.355E-2	0.000E+0
2.661E+1	1.133E+0	2.380E-2	0.000E+0
2.674E+1	1.135E+0	2.452E-2	0.000E+0
2.686E+1	1.136E+0	2.908E-2	0.000E+0
2.699E+1	1.153E+0	2.962E-2	0.000E+0
2.752E+1	1.154E+0	2.897E-2	0.000E+0
2.765E+1	1.155E+0	2.906E-2	0.000E+0
2.777E+1	1.156E+0	2.946E-2	0.000E+0
2.790E+1	1.158E+0	2.959E-2	0.000E+0
2.803E+1	1.159E+0	3.223E-2	0.000E+0
2.824E+1	1.190E+0	3.345E-2	0.000E+0
2.843E+1	1.191E+0	3.351E-2	0.000E+0
2.875E+1	1.217E+0	3.222E-2	0.000E+0
2.888E+1	1.217E+0	3.203E-2	0.000E+0
2.900E+1	1.217E+0	3.178E-2	0.000E+0
2.913E+1	1.217E+0	3.163E-2	0.000E+0
2.934E+1	1.217E+0	3.133E-2	0.000E+0
2.953E+1	1.224E+0	3.042E-2	0.000E+0
2.966E+1	1.234E+0	2.899E-2	0.000E+0
2.978E+1	1.245E+0	2.672E-2	0.000E+0
2.991E+1	1.256E+0	2.555E-2	0.000E+0
3.004E+1	1.260E+0	2.457E-2	0.000E+0
3.016E+1	1.269E+0	2.284E-2	0.000E+0
3.029E+1	1.271E+0	2.234E-2	0.000E+0
3.044E+1	1.272E+0	2.184E-2	0.000E+0
3.063E+1	1.274E+0	2.017E-2	0.000E+0
3.076E+1	1.285E+0	1.905E-2	0.000E+0
3.089E+1	1.287E+0	1.845E-2	0.000E+0
3.101E+1	1.295E+0	1.604E-2	0.000E+0
3.114E+1	1.303E+0	1.516E-2	0.000E+0
3.127E+1	1.314E+0	1.240E-2	0.000E+0
3.139E+1	1.321E+0	1.158E-2	0.000E+0
3.154E+1	1.322E+0	1.121E-2	0.000E+0
3.173E+1	1.325E+0	1.029E-2	0.000E+0
3.186E+1	1.328E+0	9.724E-3	0.000E+0
3.199E+1	1.330E+0	9.558E-3	0.000E+0
3.211E+1	1.331E+0	9.081E-3	0.000E+0
3.224E+1	1.334E+0	8.549E-3	0.000E+0
3.237E+1	1.336E+0	7.630E-3	0.000E+0
3.249E+1	1.354E+0	5.783E-3	0.000E+0
3.302E+1	1.359E+0	4.503E-3	0.000E+0
3.315E+1	1.365E+0	4.181E-3	0.000E+0
3.328E+1	1.373E+0	3.856E-3	0.000E+0
3.340E+1	1.375E+0	3.732E-3	0.000E+0
3.353E+1	1.376E+0	3.808E-3	0.000E+0
3.374E+1	1.377E+0	3.436E-3	0.000E+0
3.393E+1	1.379E+0	3.243E-3	0.000E+0
3.406E+1	1.396E+0	3.094E-3	0.000E+0
3.419E+1	1.397E+0	2.915E-3	0.000E+0
3.431E+1	1.397E+0	2.905E-3	0.000E+0
3.444E+1	1.397E+0	2.744E-3	0.000E+0
3.457E+1	1.397E+0	2.814E-3	0.000E+0
3.469E+1	1.397E+0	2.792E-3	0.000E+0
3.484E+1	1.397E+0	2.749E-3	0.000E+0
3.504E+1	1.398E+0	2.599E-3	0.000E+0
3.516E+1	1.400E+0	3.117E-3	0.000E+0
3.529E+1	1.410E+0	3.317E-3	0.000E+0
3.542E+1	1.411E+0	3.195E-3	0.000E+0
3.554E+1	1.411E+0	3.277E-3	0.000E+0
3.567E+1	1.411E+0	3.323E-3	0.000E+0
3.580E+1	1.415E+0	4.139E-3	0.000E+0
3.595E+1	1.429E+0	5.488E-3	0.000E+0
3.614E+1	1.431E+0	5.979E-3	0.000E+0
3.626E+1	1.433E+0	5.816E-3	0.000E+0
3.639E+1	1.433E+0	5.913E-3	0.000E+0
3.652E+1	1.434E+0	5.899E-3	0.000E+0
3.664E+1	1.437E+0	8.324E-3	0.000E+0
3.677E+1	1.448E+0	9.301E-3	0.000E+0
3.689E+1	1.452E+0	1.376E-2	0.000E+0
3.705E+1	1.468E+0	1.500E-2	0.000E+0
3.724E+1	1.468E+0	1.521E-2	0.000E+0
3.736E+1	1.470E+0	1.566E-2	0.000E+0
3.749E+1	1.472E+0	1.611E-2	0.000E+0
3.762E+1	1.472E+0	1.792E-2	0.000E+0
3.774E+1	1.484E+0	2.241E-2	0.000E+0
3.787E+1	1.490E+0	2.654E-2	0.000E+0
3.799E+1	1.509E+0	3.653E-2	0.000E+0
3.853E+1	1.516E+0	3.979E-2	0.000E+0
3.865E+1	1.522E+0	4.470E-2	0.000E+0
3.878E+1	1.527E+0	4.673E-2	0.000E+0
3.891E+1	1.528E+0	4.715E-2	0.000E+0
3.903E+1	1.531E+0	5.094E-2	0.000E+0
3.925E+1	1.536E+0	5.288E-2	0.000E+0
3.944E+1	1.536E+0	5.494E-2	0.000E+0
3.957E+1	1.539E+0	5.663E-2	0.000E+0
3.969E+1	1.541E+0	5.714E-2	0.000E+0
3.982E+1	1.542E+0	5.793E-2	0.000E+0
3.995E+1	1.543E+0	5.878E-2	0.000E+0
4.007E+1	1.544E+0	5.928E-2	0.000E+0
4.020E+1	1.545E+0	5.943E-2	0.000E+0
4.035E+1	1.545E+0	6.003E-2	0.000E+0
4.054E+1	1.546E+0	6.354E-2	0.000E+0
4.067E+1	1.550E+0	6.570E-2	0.000E+0
4.079E+1	1.560E+0	7.711E-2	0.000E+0
4.092E+1	1.565E+0	7.905E-2	0.000E+0
4.105E+1	1.565E+0	7.933E-2	0.000E+0
4.117E+1	1.566E+0	7.950E-2	0.000E+0
4.130E+1	1.566E+0	8.107E-2	0.000E+0
4.145E+1	1.571E+0	9.554E-2	0.000E+0
4.164E+1	1.584E+0	1.030E-1	0.000E+0
4.177E+1	1.590E+0	1.101E-1	0.000E+0
4.189E+1	1.600E+0	1.182E-1	0.000E+0
4.202E+1	1.601E+0	1.195E-1	0.000E+0
4.234E+1	1.603E+0	1.258E-1	0.000E+0
4.255E+1	1.619E+0	1.407E-1	0.000E+0
4.274E+1	1.624E+0	1.536E-1	0.000E+0
4.287E+1	1.642E+0	1.548E-1	0.000E+0
4.299E+1	1.651E+0	1.592E-1	0.000E+0
4.312E+1	1.662E+0	1.597E-1	0.000E+0
4.325E+1	1.664E+0	1.591E-1	0.000E+0
4.337E+1	1.665E+0	1.586E-1	0.000E+0
4.350E+1	1.665E+0	1.583E-1	0.000E+0
4.403E+1	1.667E+0	1.572E-1	0.000E+0
4.416E+1	1.676E+0	1.561E-1	0.000E+0
4.428E+1	1.685E+0	1.541E-1	0.000E+0
4.440E+1	1.691E+0	1.509E-1	0.000E+0
4.453E+1	1.696E+0	1.493E-1	0.000E+0
4.475E+1	1.698E+0	1.477E-1	0.000E+0
4.494E+1	1.701E+0	1.461E-1	0.000E+0
4.507E+1	1.703E+0	1.454E-1	0.000E+0
4.520E+1	1.703E+0	1.449E-1	0.000E+0
4.532E+1	1.704E+0	1.440E-1	0.000E+0
4.545E+1	1.707E+0	1.427E-1	0.000E+0
4.557E+1	1.720E+0	1.298E-1	0.000E+0
4.570E+1	1.738E+0	1.189E-1	0.000E+0
4.585E+1	1.741E+0	1.168E-1	0.000E+0
4.604E+1	1.742E+0	1.157E-1	0.000E+0
4.617E+1	1.742E+0	1.152E-1	0.000E+0
4.630E+1	1.742E+0	1.150E-1	0.000E+0
4.642E+1	1.743E+0	1.149E-1	0.000E+0
4.655E+1	1.743E+0	1.126E-1	0.000E+0
4.667E+1	1.747E+0	1.102E-1	0.000E+0
4.680E+1	1.749E+0	1.074E-1	0.000E+0
4.695E+1	1.752E+0	1.053E-1	0.000E+0
4.714E+1	1.754E+0	1.040E-1	0.000E+0
4.727E+1	1.755E+0	1.016E-1	0.000E+0
4.759E+1	1.761E+0	9.295E-2	0.000E+0
4.772E+1	1.768E+0	9.011E-2	0.000E+0
4.784E+1	1.773E+0	8.512E-2	0.000E+0
4.805E+1	1.781E+0	7.746E-2	0.000E+0
4.825E+1	1.788E+0	7.292E-2	0.000E+0
4.837E+1	1.795E+0	6.875E-2	0.000E+0
4.849E+1	1.799E+0	6.741E-2	0.000E+0
4.862E+1	1.801E+0	6.607E-2	0.000E+0
4.875E+1	1.802E+0	6.479E-2	0.000E+0
4.887E+1	1.804E+0	6.182E-2	0.000E+0
4.900E+1	1.809E+0	5.917E-2	0.000E+0
4.953E+1	1.830E+0	4.633E-2	0.000E+0
4.966E+1	1.837E+0	4.350E-2	0.000E+0
4.979E+1	1.844E+0	4.234E-2	0.000E+0
4.991E+1	1.847E+0	4.133E-2	0.000E+0
5.004E+1	1.849E+0	3.868E-2	0.000E+0
5.025E+1	1.864E+0	3.706E-2	0.000E+0
5.045E+1	1.866E+0	3.640E-2	0.000E+0
5.057E+1	1.869E+0	3.601E-2	0.000E+0
5.070E+1	1.870E+0	3.585E-2	0.000E+0
5.083E+1	1.871E+0	3.554E-2	0.000E+0
5.095E+1	1.877E+0	3.521E-2	0.000E+0
5.108E+1	1.880E+0	3.494E-2	0.000E+0
5.121E+1	1.887E+0	3.510E-2	0.000E+0
5.136E+1	1.898E+0	3.690E-2	0.000E+0
5.155E+1	1.905E+0	3.737E-2	0.000E+0
5.167E+1	1.908E+0	3.764E-2	0.000E+0
5.180E+1	1.909E+0	3.782E-2	0.000E+0
5.193E+1	1.910E+0	3.766E-2	0.000E+0
5.205E+1	1.910E+0	3.794E-2	0.000E+0
5.218E+1	1.911E+0	3.836E-2	0.000E+0
5.231E+1	1.913E+0	3.909E-2	0.000E+0
5.246E+1	1.919E+0	4.135E-2	0.000E+0
5.265E+1	1.923E+0	4.333E-2	0.000E+0
5.278E+1	1.927E+0	4.406E-2	0.000E+0
5.290E+1	1.929E+0	4.595E-2	0.000E+0
5.303E+1	1.934E+0	4.820E-2	0.000E+0
5.316E+1	1.937E+0	4.854E-2	0.000E+0
5.328E+1	1.937E+0	5.021E-2	0.000E+0
5.341E+1	1.947E+0	5.770E-2	0.000E+0
5.356E+1	1.956E+0	6.184E-2	0.000E+0
5.375E+1	1.959E+0	6.376E-2	0.000E+0
5.388E+1	1.961E+0	6.469E-2	0.000E+0
5.400E+1	1.961E+0	6.513E-2	0.000E+0
5.413E+1	1.965E+0	7.040E-2	0.000E+0
5.425E+1	1.969E+0	7.299E-2	0.000E+0
5.438E+1	1.973E+0	8.150E-2	0.000E+0
5.451E+1	1.982E+0	8.617E-2	0.000E+0
5.504E+1	1.992E+0	1.020E-1	0.000E+0
5.516E+1	1.997E+0	1.025E-1	0.000E+0
5.529E+1	1.998E+0	1.037E-1	0.000E+0
5.541E+1	1.999E+0	1.052E-1	0.000E+0
5.554E+1	2.000E+0	1.065E-1	0.000E+0
5.576E+1	2.005E+0	1.148E-1	0.000E+0
5.595E+1	2.008E+0	1.171E-1	0.000E+0
5.608E+1	2.009E+0	1.198E-1	0.000E+0
5.639E+1	2.012E+0	1.371E-1	0.000E+0
5.652E+1	2.022E+0	1.388E-1	0.000E+0
5.664E+1	2.024E+0	1.397E-1	0.000E+0
5.686E+1	2.026E+0	1.446E-1	0.000E+0
5.705E+1	2.028E+0	1.602E-1	0.000E+0
5.718E+1	2.039E+0	1.675E-1	0.000E+0
5.730E+1	2.040E+0	1.671E-1	0.000E+0
5.743E+1	2.041E+0	1.715E-1	0.000E+0
5.755E+1	2.042E+0	1.728E-1	0.000E+0
5.768E+1	2.043E+0	1.733E-1	0.000E+0
5.781E+1	2.043E+0	1.825E-1	0.000E+0
5.793E+1	2.054E+0	1.856E-1	0.000E+0
5.815E+1	2.057E+0	2.156E-1	0.000E+0
5.828E+1	2.069E+0	2.301E-1	0.000E+0
5.840E+1	2.073E+0	2.378E-1	0.000E+0
5.853E+1	2.080E+0	2.592E-1	0.000E+0
5.866E+1	2.089E+0	2.853E-1	0.000E+0
5.878E+1	2.103E+0	3.070E-1	0.000E+0
5.891E+1	2.109E+0	3.159E-1	0.000E+0
5.906E+1	2.111E+0	3.167E-1	0.000E+0
5.925E+1	2.111E+0	3.164E-1	0.000E+0
5.938E+1	2.112E+0	3.165E-1	0.000E+0
5.950E+1	2.111E+0	3.158E-1	0.000E+0
5.963E+1	2.112E+0	3.159E-1	0.000E+0
5.976E+1	2.112E+0	3.156E-1	0.000E+0
5.989E+1	2.114E+0	3.210E-1	0.000E+0
6.001E+1	2.115E+0	3.238E-1	0.000E+0
6.054E+1	2.150E+0	3.603E-1	0.000E+0
6.066E+1	2.151E+0	3.601E-1	0.000E+0
6.079E+1	2.152E+0	3.604E-1	0.000E+0
6.092E+1	2.154E+0	3.603E-1	0.000E+0
6.104E+1	2.154E+0	3.601E-1	0.000E+0
6.126E+1	2.162E+0	3.605E-1	0.000E+0
6.145E+1	2.165E+0	3.598E-1	0.000E+0
6.158E+1	2.172E+0	3.558E-1	0.000E+0
6.171E+1	2.178E+0	3.544E-1	0.000E+0
6.183E+1	2.179E+0	3.535E-1	0.000E+0
6.196E+1	2.180E+0	3.527E-1	0.000E+0
6.209E+1	2.181E+0	3.522E-1	0.000E+0
6.221E+1	2.181E+0	3.521E-1	0.000E+0
6.236E+1	2.181E+0	3.470E-1	0.000E+0
6.255E+1	2.191E+0	3.389E-1	0.000E+0
6.268E+1	2.197E+0	3.349E-1	0.000E+0
6.280E+1	2.199E+0	3.318E-1	0.000E+0
6.293E+1	2.201E+0	3.306E-1	0.000E+0
6.306E+1	2.202E+0	3.280E-1	0.000E+0
6.318E+1	2.204E+0	3.256E-1	0.000E+0
6.331E+1	2.206E+0	3.209E-1	0.000E+0
6.346E+1	2.209E+0	3.162E-1	0.000E+0
6.366E+1	2.212E+0	3.083E-1	0.000E+0
6.378E+1	2.217E+0	3.020E-1	0.000E+0
6.391E+1	2.224E+0	2.826E-1	0.000E+0
6.403E+1	2.236E+0	2.680E-1	0.000E+0
6.416E+1	2.238E+0	2.636E-1	0.000E+0
6.428E+1	2.242E+0	2.558E-1	0.000E+0
6.441E+1	2.244E+0	2.533E-1	0.000E+0
6.456E+1	2.248E+0	2.416E-1	0.000E+0
6.476E+1	2.251E+0	2.397E-1	0.000E+0
6.488E+1	2.252E+0	2.388E-1	0.000E+0
6.501E+1	2.252E+0	2.388E-1	0.000E+0
6.513E+1	2.252E+0	2.393E-1	0.000E+0
6.526E+1	2.253E+0	2.379E-1	0.000E+0
6.538E+1	2.256E+0	2.250E-1	0.000E+0
6.551E+1	2.265E+0	2.140E-1	0.000E+0
6.604E+1	2.275E+0	1.905E-1	0.000E+0
6.617E+1	2.279E+0	1.892E-1	0.000E+0
6.630E+1	2.279E+0	1.891E-1	0.000E+0
6.642E+1	2.280E+0	1.891E-1	0.000E+0
6.655E+1	2.280E+0	1.854E-1	0.000E+0
6.676E+1	2.290E+0	1.652E-1	0.000E+0
6.696E+1	2.298E+0	1.433E-1	0.000E+0
6.708E+1	2.312E+0	1.372E-1	0.000E+0
6.721E+1	2.316E+0	1.314E-1	0.000E+0
6.733E+1	2.322E+0	1.248E-1	0.000E+0
6.746E+1	2.325E+0	1.227E-1	0.000E+0
6.758E+1	2.326E+0	1.237E-1	0.000E+0
6.771E+1	2.328E+0	1.171E-1	0.000E+0
6.787E+1	2.335E+0	1.131E-1	0.000E+0
6.806E+1	2.337E+0	1.108E-1	0.000E+0
6.818E+1	2.343E+0	1.070E-1	0.000E+0
6.831E+1	2.345E+0	1.065E-1	0.000E+0
6.844E+1	2.345E+0	1.059E-1	0.000E+0
6.856E+1	2.352E+0	1.016E-1	0.000E+0
6.869E+1	2.355E+0	1.008E-1	0.000E+0
6.882E+1	2.355E+0	1.010E-1	0.000E+0
6.916E+1	2.357E+0	9.923E-2	0.000E+0
6.930E+1	2.359E+0	9.912E-2	0.000E+0
6.943E+1	2.360E+0	9.832E-2	0.000E+0
6.956E+1	2.361E+0	9.812E-2	0.000E+0
6.968E+1	2.361E+0	9.841E-2	0.000E+0
6.981E+1	2.363E+0	9.689E-2	0.000E+0
6.993E+1	2.365E+0	9.675E-2	0.000E+0
7.008E+1	2.365E+0	9.656E-2	0.000E+0
7.026E+1	2.369E+0	9.463E-2	0.000E+0
7.039E+1	2.386E+0	9.628E-2	0.000E+0
7.051E+1	2.412E+0	1.039E-1	0.000E+0
7.064E+1	2.414E+0	1.039E-1	0.000E+0
7.076E+1	2.415E+0	1.040E-1	0.000E+0
7.089E+1	2.415E+0	1.041E-1	0.000E+0
7.102E+1	2.415E+0	1.041E-1	0.000E+0
7.155E+1	2.415E+0	1.041E-1	0.000E+0
7.168E+1	2.415E+0	1.046E-1	0.000E+0
7.180E+1	2.416E+0	1.073E-1	0.000E+0
7.193E+1	2.423E+0	1.117E-1	0.000E+0
7.205E+1	2.428E+0	1.155E-1	0.000E+0
7.246E+1	2.434E+0	1.305E-1	0.000E+0
7.261E+1	2.446E+0	1.559E-1	0.000E+0
7.273E+1	2.472E+0	1.745E-1	0.000E+0
7.286E+1	2.474E+0	1.760E-1	0.000E+0
7.299E+1	2.474E+0	1.762E-1	0.000E+0
7.311E+1	2.474E+0	1.830E-1	0.000E+0
7.324E+1	2.479E+0	1.857E-1	0.000E+0
7.339E+1	2.479E+0	1.864E-1	0.000E+0
7.356E+1	2.480E+0	1.871E-1	0.000E+0
7.369E+1	2.480E+0	1.870E-1	0.000E+0
7.381E+1	2.480E+0	1.874E-1	0.000E+0
7.394E+1	2.480E+0	1.871E-1	0.000E+0
7.407E+1	2.479E+0	1.873E-1	0.000E+0
7.419E+1	2.482E+0	1.915E-1	0.000E+0
7.432E+1	2.501E+0	2.734E-1	0.000E+0
7.447E+1	2.519E+0	2.862E-1	0.000E+0
7.466E+1	2.533E+0	4.641E-1	0.000E+0
7.479E+1	2.591E+0	5.470E-1	0.000E+0
7.491E+1	2.594E+0	5.467E-1	0.000E+0
7.504E+1	2.594E+0	5.514E-1	0.000E+0
7.516E+1	2.601E+0	5.852E-1	0.000E+0
7.529E+1	2.606E+0	5.913E-1	0.000E+0
7.542E+1	2.607E+0	6.052E-1	0.000E+0
7.557E+1	2.618E+0	6.435E-1	0.000E+0
7.576E+1	2.631E+0	6.923E-1	0.000E+0
7.589E+1	2.649E+0	6.949E-1	0.000E+0
7.601E+1	2.654E+0	7.042E-1	0.000E+0
7.614E+1	2.668E+0	7.036E-1	0.000E+0
7.627E+1	2.675E+0	7.011E-1	0.000E+0
7.639E+1	2.687E+0	6.837E-1	0.000E+0
7.652E+1	2.696E+0	6.799E-1	0.000E+0
7.705E+1	2.714E+0	5.781E-1	0.000E+0
7.718E+1	2.735E+0	5.767E-1	0.000E+0
7.730E+1	2.735E+0	5.746E-1	0.000E+0
7.743E+1	2.736E+0	5.739E-1	0.000E+0
7.756E+1	2.736E+0	5.786E-1	0.000E+0
7.777E+1	2.751E+0	5.017E-1	0.000E+0
7.797E+1	2.761E+0	4.744E-1	0.000E+0
7.809E+1	2.771E+0	4.420E-1	0.000E+0
7.822E+1	2.777E+0	4.375E-1	0.000E+0
7.834E+1	2.778E+0	4.333E-1	0.000E+0
7.847E+1	2.780E+0	4.272E-1	0.000E+0
7.860E+1	2.783E+0	3.900E-1	0.000E+0
7.872E+1	2.807E+0	3.332E-1	0.000E+0
7.887E+1	2.814E+0	3.255E-1	0.000E+0
7.906E+1	2.815E+0	3.245E-1	0.000E+0
7.919E+1	2.816E+0	3.229E-1	0.000E+0
7.932E+1	2.816E+0	3.232E-1	0.000E+0
7.944E+1	2.816E+0	3.255E-1	0.000E+0
7.957E+1	2.818E+0	3.145E-1	0.000E+0
7.970E+1	2.827E+0	2.954E-1	0.000E+0
7.982E+1	2.830E+0	2.874E-1	0.000E+0
7.997E+1	2.835E+0	2.804E-1	0.000E+0
8.017E+1	2.838E+0	2.622E-1	0.000E+0
8.029E+1	2.848E+0	2.603E-1	0.000E+0
8.042E+1	2.849E+0	2.594E-1	0.000E+0
8.054E+1	2.851E+0	2.560E-1	0.000E+0
8.067E+1	2.852E+0	2.551E-1	0.000E+0
8.079E+1	2.854E+0	2.547E-1	0.000E+0
8.092E+1	2.855E+0	2.452E-1	0.000E+0
8.107E+1	2.894E+0	2.309E-1	0.000E+0
8.127E+1	2.896E+0	2.310E-1	0.000E+0
8.139E+1	2.898E+0	2.320E-1	0.000E+0
8.152E+1	2.902E+0	2.327E-1	0.000E+0
8.165E+1	2.904E+0	2.368E-1	0.000E+0
8.177E+1	2.912E+0	2.386E-1	0.000E+0
8.190E+1	2.913E+0	2.391E-1	0.000E+0
8.203E+1	2.914E+0	2.500E-1	0.000E+0
8.255E+1	2.933E+0	3.385E-1	0.000E+0
8.268E+1	2.973E+0	3.529E-1	0.000E+0
8.281E+1	2.975E+0	3.557E-1	0.000E+0
8.293E+1	2.976E+0	3.571E-1	0.000E+0
8.306E+1	2.976E+0	3.572E-1	0.000E+0
8.328E+1	2.978E+0	3.743E-1	0.000E+0
8.347E+1	2.988E+0	4.575E-1	0.000E+0
8.359E+1	3.006E+0	4.665E-1	0.000E+0
8.372E+1	3.006E+0	4.709E-1	0.000E+0
8.385E+1	3.007E+0	4.749E-1	0.000E+0
8.397E+1	3.008E+0	4.745E-1	0.000E+0
8.410E+1	3.008E+0	5.009E-1	0.000E+0
8.422E+1	3.017E+0	5.256E-1	0.000E+0
8.438E+1	3.021E+0	5.439E-1	0.000E+0
8.457E+1	3.024E+0	5.871E-1	0.000E+0
8.470E+1	3.035E+0	6.296E-1	0.000E+0
8.482E+1	3.045E+0	6.734E-1	0.000E+0
8.495E+1	3.049E+0	6.929E-1	0.000E+0
8.508E+1	3.052E+0	7.036E-1	0.000E+0
8.520E+1	3.053E+0	7.099E-1	0.000E+0
8.533E+1	3.054E+0	7.369E-1	0.000E+0
8.548E+1	3.062E+0	7.770E-1	0.000E+0
8.567E+1	3.066E+0	8.167E-1	0.000E+0
8.580E+1	3.072E+0	8.939E-1	0.000E+0
8.592E+1	3.088E+0	9.594E-1	0.000E+0
8.605E+1	3.092E+0	9.827E-1	0.000E+0
8.618E+1	3.095E+0	9.944E-1	0.000E+0
8.630E+1	3.095E+0	9.985E-1	0.000E+0
8.643E+1	3.096E+0	1.002E+0	0.000E+0
8.658E+1	3.097E+0	1.010E+0	0.000E+0
8.677E+1	3.099E+0	1.052E+0	0.000E+0
8.690E+1	3.106E+0	1.094E+0	0.000E+0
8.702E+1	3.115E+0	1.153E+0	0.000E+0
8.734E+1	3.125E+0	1.240E+0	0.000E+0
8.746E+1	3.133E+0	1.244E+0	0.000E+0
8.806E+1	3.134E+0	1.283E+0	0.000E+0
8.818E+1	3.142E+0	1.299E+0	0.000E+0
8.831E+1	3.151E+0	1.309E+0	0.000E+0
8.843E+1	3.155E+0	1.359E+0	0.000E+0
8.856E+1	3.159E+0	1.372E+0	0.000E+0
8.878E+1	3.163E+0	1.388E+0	0.000E+0
8.897E+1	3.167E+0	1.416E+0	0.000E+0
8.909E+1	3.180E+0	1.432E+0	0.000E+0
8.922E+1	3.185E+0	1.435E+0	0.000E+0
8.935E+1	3.187E+0	1.438E+0	0.000E+0
8.947E+1	3.188E+0	1.439E+0	0.000E+0
8.960E+1	3.189E+0	1.441E+0	0.000E+0
8.973E+1	3.188E+0	1.442E+0	0.000E+0
8.988E+1	3.205E+0	1.439E+0	0.000E+0
9.007E+1	3.213E+0	1.417E+0	0.000E+0
9.020E+1	3.224E+0	1.408E+0	0.000E+0
9.032E+1	3.226E+0	1.401E+0	0.000E+0
9.045E+1	3.228E+0	1.397E+0	0.000E+0
9.057E+1	3.228E+0	1.394E+0	0.000E+0
9.070E+1	3.231E+0	1.382E+0	0.000E+0
9.083E+1	3.238E+0	1.345E+0	0.000E+0
9.098E+1	3.246E+0	1.310E+0	0.000E+0
9.117E+1	3.256E+0	1.232E+0	0.000E+0
9.130E+1	3.272E+0	1.211E+0	0.000E+0
9.142E+1	3.275E+0	1.202E+0	0.000E+0
9.155E+1	3.275E+0	1.202E+0	0.000E+0
9.168E+1	3.276E+0	1.198E+0	0.000E+0
9.180E+1	3.277E+0	1.196E+0	0.000E+0
9.193E+1	3.277E+0	1.197E+0	0.000E+0
9.208E+1	3.278E+0	1.186E+0	0.000E+0
9.227E+1	3.280E+0	1.163E+0	0.000E+0
9.240E+1	3.285E+0	1.138E+0	0.000E+0
9.253E+1	3.298E+0	1.063E+0	0.000E+0
9.265E+1	3.307E+0	1.043E+0	0.000E+0
9.278E+1	3.309E+0	1.042E+0	0.000E+0
9.290E+1	3.309E+0	1.039E+0	0.000E+0
9.303E+1	3.309E+0	1.038E+0	0.000E+0
9.356E+1	3.310E+0	1.023E+0	0.000E+0
9.369E+1	3.313E+0	1.010E+0	0.000E+0
9.401E+1	3.320E+0	9.728E-1	0.000E+0
9.413E+1	3.329E+0	9.400E-1	0.000E+0
9.428E+1	3.335E+0	9.337E-1	0.000E+0
9.448E+1	3.335E+0	9.318E-1	0.000E+0
9.460E+1	3.335E+0	9.330E-1	0.000E+0
9.473E+1	3.341E+0	8.989E-1	0.000E+0
9.486E+1	3.347E+0	8.942E-1	0.000E+0
9.498E+1	3.348E+0	8.735E-1	0.000E+0
9.511E+1	3.356E+0	8.644E-1	0.000E+0
9.523E+1	3.357E+0	8.628E-1	0.000E+0
9.538E+1	3.358E+0	8.597E-1	0.000E+0
9.558E+1	3.365E+0	8.356E-1	0.000E+0
9.570E+1	3.370E+0	8.301E-1	0.000E+0
9.583E+1	3.379E+0	8.108E-1	0.000E+0
9.596E+1	3.391E+0	8.080E-1	0.000E+0
9.608E+1	3.393E+0	8.083E-1	0.000E+0
9.621E+1	3.394E+0	8.084E-1	0.000E+0
9.633E+1	3.394E+0	8.088E-1	0.000E+0
9.649E+1	3.394E+0	8.093E-1	0.000E+0
9.668E+1	3.399E+0	8.161E-1	0.000E+0
9.680E+1	3.412E+0	8.199E-1	0.000E+0
9.693E+1	3.412E+0	8.217E-1	0.000E+0
9.705E+1	3.414E+0	8.243E-1	0.000E+0
9.718E+1	3.417E+0	8.320E-1	0.000E+0
9.731E+1	3.420E+0	8.461E-1	0.000E+0
9.743E+1	3.429E+0	8.511E-1	0.000E+0
9.758E+1	3.430E+0	8.575E-1	0.000E+0
9.778E+1	3.434E+0	8.780E-1	0.000E+0
9.790E+1	3.447E+0	9.239E-1	0.000E+0
9.803E+1	3.452E+0	9.290E-1	0.000E+0
9.816E+1	3.452E+0	9.309E-1	0.000E+0
9.828E+1	3.453E+0	9.326E-1	0.000E+0
9.841E+1	3.453E+0	9.307E-1	0.000E+0
9.853E+1	3.454E+0	9.395E-1	0.000E+0
9.907E+1	3.483E+0	1.125E+0	0.000E+0
9.919E+1	3.485E+0	1.128E+0	0.000E+0
9.932E+1	3.485E+0	1.130E+0	0.000E+0
9.944E+1	3.485E+0	1.130E+0	0.000E+0
9.957E+1	3.485E+0	1.134E+0	0.000E+0
9.979E+1	3.485E+0	1.137E+0	0.000E+0
9.998E+1	3.485E+0	1.137E+0	0.000E+0
1.001E+2	3.485E+0	1.183E+0	0.000E+0
1.004E+2	3.502E+0	2.006E+0	0.000E+0
1.005E+2	3.557E+0	2.018E+0	0.000E+0
1.007E+2	3.558E+0	2.022E+0	0.000E+0
1.009E+2	3.559E+0	2.083E+0	0.000E+0
1.011E+2	3.563E+0	2.364E+0	0.000E+0
1.012E+2	3.585E+0	2.679E+0	0.000E+0
1.013E+2	3.595E+0	2.897E+0	0.000E+0
1.015E+2	3.606E+0	3.214E+0	0.000E+0
1.016E+2	3.628E+0	3.767E+0	0.000E+0
1.017E+2	3.637E+0	3.837E+0	0.000E+0
1.018E+2	3.638E+0	3.860E+0	0.000E+0
1.020E+2	3.639E+0	3.855E+0	0.000E+0
1.022E+2	3.638E+0	4.083E+0	0.000E+0
1.023E+2	3.650E+0	4.307E+0	0.000E+0
1.024E+2	3.659E+0	4.576E+0	0.000E+0
1.026E+2	3.666E+0	4.699E+0	0.000E+0
1.027E+2	3.672E+0	4.925E+0	0.000E+0
1.028E+2	3.679E+0	5.101E+0	0.000E+0
1.029E+2	3.686E+0	5.301E+0	0.000E+0
1.031E+2	3.714E+0	6.155E+0	0.000E+0
1.033E+2	3.729E+0	6.277E+0	0.000E+0
1.034E+2	3.731E+0	6.302E+0	0.000E+0
1.035E+2	3.732E+0	6.309E+0	0.000E+0
1.037E+2	3.732E+0	6.333E+0	0.000E+0
1.038E+2	3.735E+0	6.373E+0	0.000E+0
1.039E+2	3.736E+0	6.393E+0	0.000E+0
1.040E+2	3.738E+0	6.473E+0	0.000E+0
1.046E+2	3.752E+0	6.898E+0	0.000E+0
1.047E+2	3.804E+0	7.781E+0	0.000E+0
1.048E+2	3.833E+0	7.795E+0	0.000E+0
1.050E+2	3.834E+0	7.792E+0	0.000E+0
1.051E+2	3.834E+0	7.797E+0	0.000E+0
1.053E+2	3.835E+0	7.806E+0	0.000E+0
1.055E+2	3.835E+0	7.822E+0	0.000E+0
1.056E+2	3.835E+0	7.836E+0	0.000E+0
1.057E+2	3.836E+0	7.858E+0	0.000E+0
1.059E+2	3.836E+0	7.679E+0	0.000E+0
1.060E+2	3.696E+0	2.064E+0	0.000E+0
1.061E+2	3.539E+0	1.662E+0	0.000E+0
1.063E+2	3.447E+0	1.585E+0	0.000E+0
1.066E+2	3.432E+0	8.999E-1	0.000E+0
1.068E+2	3.338E+0	9.556E-1	0.000E+0
1.069E+2	3.334E+0	9.604E-1	0.000E+0
1.070E+2	3.335E+0	9.590E-1	0.000E+0
1.072E+2	3.335E+0	9.854E-1	0.000E+0
1.073E+2	3.321E+0	1.034E+0	0.000E+0
1.075E+2	3.318E+0	1.033E+0	0.000E+0
1.077E+2	3.318E+0	1.032E+0	0.000E+0
1.078E+2	3.318E+0	1.032E+0	0.000E+0
1.079E+2	3.318E+0	1.033E+0	0.000E+0
1.081E+2	3.319E+0	1.033E+0	0.000E+0
1.082E+2	3.319E+0	1.031E+0	0.000E+0
1.083E+2	3.319E+0	1.030E+0	0.000E+0
1.084E+2	3.319E+0	1.031E+0	0.000E+0
1.086E+2	3.318E+0	1.029E+0	0.000E+0
1.088E+2	3.319E+0	1.027E+0	0.000E+0
1.089E+2	3.319E+0	1.026E+0	0.000E+0
1.090E+2	3.319E+0	1.025E+0	0.000E+0
1.092E+2	3.319E+0	1.025E+0	0.000E+0
1.093E+2	3.319E+0	1.025E+0	0.000E+0
1.094E+2	3.319E+0	1.025E+0	0.000E+0
1.095E+2	3.319E+0	1.025E+0	0.000E+0
1.101E+2	3.319E+0	1.026E+0	0.000E+0
1.102E+2	3.319E+0	1.026E+0	0.000E+0