% 12/2/14 11:30:18 AM 
 %time(s);  Meter 1;   Meter 2;   none; 
0.000E+0	1.380E+0	2.666E+0	0.000E+0
4.929E-1	1.379E+0	2.668E+0	0.000E+0
9.817E-1	1.380E+0	2.665E+0	0.000E+0
1.347E+0	1.380E+0	2.662E+0	0.000E+0
1.785E+0	1.380E+0	2.661E+0	0.000E+0
2.150E+0	1.380E+0	2.659E+0	0.000E+0
2.830E+0	1.379E+0	2.662E+0	0.000E+0
3.354E+0	1.398E+0	2.667E+0	0.000E+0
3.846E+0	1.400E+0	2.668E+0	0.000E+0
4.269E+0	1.401E+0	2.667E+0	0.000E+0
4.633E+0	1.410E+0	2.667E+0	0.000E+0
5.084E+0	1.415E+0	2.663E+0	0.000E+0
5.449E+0	1.417E+0	2.657E+0	0.000E+0
5.942E+0	1.417E+0	2.658E+0	0.000E+0
6.307E+0	1.422E+0	2.660E+0	0.000E+0
6.672E+0	1.429E+0	2.659E+0	0.000E+0
7.165E+0	1.432E+0	2.661E+0	0.000E+0
7.569E+0	1.433E+0	2.663E+0	0.000E+0
7.934E+0	1.433E+0	2.667E+0	0.000E+0
8.571E+0	1.441E+0	2.667E+0	0.000E+0
8.935E+0	1.444E+0	2.666E+0	0.000E+0
9.427E+0	1.455E+0	2.663E+0	0.000E+0
9.791E+0	1.457E+0	2.660E+0	0.000E+0
1.016E+1	1.463E+0	2.662E+0	0.000E+0
1.059E+1	1.464E+0	2.661E+0	0.000E+0
1.095E+1	1.476E+0	2.656E+0	0.000E+0
1.145E+1	1.485E+0	2.654E+0	0.000E+0
1.181E+1	1.487E+0	2.656E+0	0.000E+0
1.218E+1	1.493E+0	2.656E+0	0.000E+0
1.267E+1	1.494E+0	2.658E+0	0.000E+0
1.307E+1	1.501E+0	2.660E+0	0.000E+0
1.344E+1	1.504E+0	2.661E+0	0.000E+0
1.407E+1	1.508E+0	2.664E+0	0.000E+0
1.444E+1	1.517E+0	2.660E+0	0.000E+0
1.493E+1	1.528E+0	2.657E+0	0.000E+0
1.529E+1	1.531E+0	2.656E+0	0.000E+0
1.566E+1	1.534E+0	2.653E+0	0.000E+0
1.609E+1	1.537E+0	2.650E+0	0.000E+0
1.645E+1	1.540E+0	2.652E+0	0.000E+0
1.695E+1	1.542E+0	2.649E+0	0.000E+0
1.731E+1	1.555E+0	2.647E+0	0.000E+0
1.768E+1	1.559E+0	2.647E+0	0.000E+0
1.817E+1	1.563E+0	2.646E+0	0.000E+0
1.857E+1	1.568E+0	2.645E+0	0.000E+0
1.894E+1	1.573E+0	2.648E+0	0.000E+0
1.957E+1	1.577E+0	2.648E+0	0.000E+0
1.994E+1	1.581E+0	2.650E+0	0.000E+0
2.043E+1	1.585E+0	2.652E+0	0.000E+0
2.080E+1	1.596E+0	2.653E+0	0.000E+0
2.116E+1	1.599E+0	2.652E+0	0.000E+0
2.159E+1	1.602E+0	2.657E+0	0.000E+0
2.195E+1	1.607E+0	2.655E+0	0.000E+0
2.245E+1	1.611E+0	2.656E+0	0.000E+0
2.281E+1	1.615E+0	2.662E+0	0.000E+0
2.318E+1	1.646E+0	2.667E+0	0.000E+0
2.367E+1	1.656E+0	2.674E+0	0.000E+0
2.407E+1	1.673E+0	2.677E+0	0.000E+0
2.444E+1	1.687E+0	2.682E+0	0.000E+0
2.507E+1	1.695E+0	2.685E+0	0.000E+0
2.544E+1	1.709E+0	2.686E+0	0.000E+0
2.593E+1	1.713E+0	2.687E+0	0.000E+0
2.630E+1	1.719E+0	2.688E+0	0.000E+0
2.666E+1	1.723E+0	2.691E+0	0.000E+0
2.709E+1	1.732E+0	2.691E+0	0.000E+0
2.745E+1	1.736E+0	2.692E+0	0.000E+0
2.795E+1	1.748E+0	2.694E+0	0.000E+0
2.831E+1	1.761E+0	2.693E+0	0.000E+0
2.868E+1	1.773E+0	2.693E+0	0.000E+0
2.917E+1	1.780E+0	2.696E+0	0.000E+0
2.958E+1	1.795E+0	2.695E+0	0.000E+0
2.994E+1	1.805E+0	2.696E+0	0.000E+0
3.058E+1	1.821E+0	2.693E+0	0.000E+0
3.094E+1	1.846E+0	2.692E+0	0.000E+0
3.143E+1	1.848E+0	2.686E+0	0.000E+0
3.180E+1	1.852E+0	2.684E+0	0.000E+0
3.216E+1	1.858E+0	2.681E+0	0.000E+0
3.259E+1	1.862E+0	2.680E+0	0.000E+0
3.296E+1	1.863E+0	2.680E+0	0.000E+0
3.345E+1	1.876E+0	2.678E+0	0.000E+0
3.381E+1	1.912E+0	2.673E+0	0.000E+0
3.418E+1	1.928E+0	2.674E+0	0.000E+0
3.467E+1	1.931E+0	2.678E+0	0.000E+0
3.508E+1	1.969E+0	2.669E+0	0.000E+0
3.544E+1	1.990E+0	2.669E+0	0.000E+0
3.608E+1	1.991E+0	2.657E+0	0.000E+0
3.644E+1	2.011E+0	2.651E+0	0.000E+0
3.694E+1	2.032E+0	2.645E+0	0.000E+0
3.730E+1	2.053E+0	2.643E+0	0.000E+0
3.767E+1	2.077E+0	2.651E+0	0.000E+0
3.809E+1	2.096E+0	2.656E+0	0.000E+0
3.846E+1	2.102E+0	2.660E+0	0.000E+0
3.895E+1	2.109E+0	2.668E+0	0.000E+0
3.931E+1	2.121E+0	2.680E+0	0.000E+0
3.968E+1	2.129E+0	2.680E+0	0.000E+0
4.017E+1	2.134E+0	2.688E+0	0.000E+0
4.058E+1	2.150E+0	2.697E+0	0.000E+0
4.094E+1	2.168E+0	2.712E+0	0.000E+0
4.158E+1	2.178E+0	2.723E+0	0.000E+0
4.194E+1	2.191E+0	2.728E+0	0.000E+0
4.244E+1	2.201E+0	2.735E+0	0.000E+0
4.280E+1	2.214E+0	2.741E+0	0.000E+0
4.316E+1	2.223E+0	2.742E+0	0.000E+0
4.359E+1	2.229E+0	2.741E+0	0.000E+0
4.396E+1	2.249E+0	2.741E+0	0.000E+0
4.445E+1	2.260E+0	2.737E+0	0.000E+0
4.482E+1	2.264E+0	2.736E+0	0.000E+0
4.518E+1	2.268E+0	2.731E+0	0.000E+0
4.567E+1	2.279E+0	2.728E+0	0.000E+0
4.608E+1	2.304E+0	2.726E+0	0.000E+0
4.644E+1	2.316E+0	2.720E+0	0.000E+0
4.708E+1	2.325E+0	2.720E+0	0.000E+0
4.744E+1	2.333E+0	2.721E+0	0.000E+0
4.794E+1	2.344E+0	2.716E+0	0.000E+0
4.830E+1	2.347E+0	2.715E+0	0.000E+0
4.867E+1	2.358E+0	2.709E+0	0.000E+0
4.910E+1	2.369E+0	2.707E+0	0.000E+0
4.946E+1	2.373E+0	2.709E+0	0.000E+0
4.996E+1	2.375E+0	2.704E+0	0.000E+0
5.032E+1	2.380E+0	2.700E+0	0.000E+0
5.068E+1	2.381E+0	2.704E+0	0.000E+0
5.117E+1	2.381E+0	2.702E+0	0.000E+0
5.158E+1	2.388E+0	2.695E+0	0.000E+0
5.195E+1	2.397E+0	2.691E+0	0.000E+0
5.258E+1	2.405E+0	2.686E+0	0.000E+0
5.295E+1	2.411E+0	2.684E+0	0.000E+0
5.344E+1	2.414E+0	2.684E+0	0.000E+0
5.381E+1	2.429E+0	2.679E+0	0.000E+0
5.417E+1	2.434E+0	2.677E+0	0.000E+0
5.460E+1	2.437E+0	2.677E+0	0.000E+0
5.496E+1	2.442E+0	2.673E+0	0.000E+0
5.545E+1	2.454E+0	2.670E+0	0.000E+0
5.582E+1	2.460E+0	2.668E+0	0.000E+0
5.618E+1	2.468E+0	2.670E+0	0.000E+0
5.668E+1	2.472E+0	2.667E+0	0.000E+0
5.708E+1	2.488E+0	2.665E+0	0.000E+0
5.745E+1	2.493E+0	2.664E+0	0.000E+0
5.808E+1	2.502E+0	2.659E+0	0.000E+0
5.845E+1	2.512E+0	2.658E+0	0.000E+0
5.894E+1	2.518E+0	2.656E+0	0.000E+0
5.930E+1	2.521E+0	2.656E+0	0.000E+0
5.967E+1	2.526E+0	2.655E+0	0.000E+0
6.010E+1	2.532E+0	2.651E+0	0.000E+0
6.047E+1	2.535E+0	2.652E+0	0.000E+0
6.096E+1	2.544E+0	2.648E+0	0.000E+0
6.132E+1	2.552E+0	2.647E+0	0.000E+0
6.169E+1	2.560E+0	2.647E+0	0.000E+0
6.218E+1	2.561E+0	2.645E+0	0.000E+0
6.258E+1	2.566E+0	2.643E+0	0.000E+0
6.295E+1	2.575E+0	2.648E+0	0.000E+0
6.358E+1	2.582E+0	2.661E+0	0.000E+0
6.395E+1	2.597E+0	2.670E+0	0.000E+0
6.444E+1	2.602E+0	2.694E+0	0.000E+0
6.480E+1	2.621E+0	2.713E+0	0.000E+0
6.517E+1	2.626E+0	2.717E+0	0.000E+0
6.560E+1	2.632E+0	2.728E+0	0.000E+0
6.597E+1	2.643E+0	2.748E+0	0.000E+0
6.646E+1	2.648E+0	2.752E+0	0.000E+0
6.682E+1	2.652E+0	2.763E+0	0.000E+0
6.719E+1	2.659E+0	2.767E+0	0.000E+0
6.768E+1	2.662E+0	2.779E+0	0.000E+0
6.808E+1	2.691E+0	2.805E+0	0.000E+0
6.845E+1	2.702E+0	2.805E+0	0.000E+0
6.909E+1	2.703E+0	2.809E+0	0.000E+0
6.945E+1	2.712E+0	2.809E+0	0.000E+0
6.994E+1	2.713E+0	2.812E+0	0.000E+0
7.031E+1	2.715E+0	2.814E+0	0.000E+0
7.068E+1	2.716E+0	2.817E+0	0.000E+0
7.110E+1	2.718E+0	2.816E+0	0.000E+0
7.147E+1	2.723E+0	2.816E+0	0.000E+0
7.196E+1	2.732E+0	2.815E+0	0.000E+0
7.232E+1	2.754E+0	2.808E+0	0.000E+0
7.269E+1	2.758E+0	2.804E+0	0.000E+0
7.318E+1	2.773E+0	2.785E+0	0.000E+0
7.358E+1	2.812E+0	2.768E+0	0.000E+0
7.395E+1	2.826E+0	2.762E+0	0.000E+0
7.459E+1	2.829E+0	2.755E+0	0.000E+0
7.495E+1	2.837E+0	2.751E+0	0.000E+0
7.545E+1	2.859E+0	2.727E+0	0.000E+0
7.581E+1	2.883E+0	2.720E+0	0.000E+0
7.617E+1	2.888E+0	2.716E+0	0.000E+0
7.660E+1	2.900E+0	2.701E+0	0.000E+0
7.697E+1	2.922E+0	2.698E+0	0.000E+0
7.746E+1	2.923E+0	2.697E+0	0.000E+0
7.782E+1	2.938E+0	2.684E+0	0.000E+0
7.819E+1	2.960E+0	2.679E+0	0.000E+0
7.868E+1	2.976E+0	2.668E+0	0.000E+0
7.909E+1	2.995E+0	2.662E+0	0.000E+0
7.945E+1	3.015E+0	2.652E+0	0.000E+0
8.009E+1	3.026E+0	2.653E+0	0.000E+0
8.045E+1	3.044E+0	2.702E+0	0.000E+0
8.094E+1	3.125E+0	2.802E+0	0.000E+0
8.131E+1	3.145E+0	2.838E+0	0.000E+0
8.167E+1	3.157E+0	2.865E+0	0.000E+0
8.210E+1	3.174E+0	2.888E+0	0.000E+0
8.247E+1	3.190E+0	2.907E+0	0.000E+0
8.296E+1	3.206E+0	2.911E+0	0.000E+0
8.332E+1	3.221E+0	2.903E+0	0.000E+0
8.369E+1	3.229E+0	2.904E+0	0.000E+0
8.418E+1	3.239E+0	2.886E+0	0.000E+0
8.459E+1	3.267E+0	2.862E+0	0.000E+0
8.495E+1	3.303E+0	2.829E+0	0.000E+0
8.559E+1	3.315E+0	2.814E+0	0.000E+0
8.595E+1	3.332E+0	2.794E+0	0.000E+0
8.645E+1	3.344E+0	2.778E+0	0.000E+0
8.681E+1	3.365E+0	2.761E+0	0.000E+0
8.717E+1	3.388E+0	2.738E+0	0.000E+0
8.761E+1	3.412E+0	2.716E+0	0.000E+0
8.797E+1	3.431E+0	2.710E+0	0.000E+0
8.846E+1	3.435E+0	2.705E+0	0.000E+0
8.883E+1	3.461E+0	2.688E+0	0.000E+0
8.919E+1	3.489E+0	2.682E+0	0.000E+0
8.969E+1	3.491E+0	2.668E+0	0.000E+0
9.009E+1	3.505E+0	2.658E+0	0.000E+0
9.045E+1	3.527E+0	2.658E+0	0.000E+0
9.109E+1	3.566E+0	2.696E+0	0.000E+0
9.146E+1	3.586E+0	2.729E+0	0.000E+0
9.195E+1	3.598E+0	2.772E+0	0.000E+0
9.231E+1	3.608E+0	2.792E+0	0.000E+0
9.268E+1	3.622E+0	2.853E+0	0.000E+0
9.311E+1	3.639E+0	2.906E+0	0.000E+0
9.347E+1	3.647E+0	2.949E+0	0.000E+0
9.396E+1	3.670E+0	2.993E+0	0.000E+0
9.433E+1	3.685E+0	3.019E+0	0.000E+0
9.469E+1	3.702E+0	3.030E+0	0.000E+0
9.529E+1	3.755E+0	3.031E+0	0.000E+0
9.565E+1	3.756E+0	2.994E+0	0.000E+0
9.602E+1	3.784E+0	2.952E+0	0.000E+0
9.661E+1	3.797E+0	2.909E+0	0.000E+0
9.698E+1	3.827E+0	2.875E+0	0.000E+0
9.747E+1	3.853E+0	2.827E+0	0.000E+0
9.783E+1	3.885E+0	2.776E+0	0.000E+0
9.820E+1	3.927E+0	2.747E+0	0.000E+0
9.861E+1	3.938E+0	2.726E+0	0.000E+0
9.897E+1	3.973E+0	2.704E+0	0.000E+0
9.946E+1	3.988E+0	2.691E+0	0.000E+0
9.983E+1	4.026E+0	2.674E+0	0.000E+0
1.002E+2	4.034E+0	2.686E+0	0.000E+0
1.007E+2	4.059E+0	2.711E+0	0.000E+0
1.011E+2	4.074E+0	2.760E+0	0.000E+0
1.015E+2	4.102E+0	2.879E+0	0.000E+0
1.021E+2	4.126E+0	3.015E+0	0.000E+0
1.025E+2	4.158E+0	3.073E+0	0.000E+0
1.030E+2	4.181E+0	3.158E+0	0.000E+0
1.033E+2	4.206E+0	3.183E+0	0.000E+0
1.037E+2	4.232E+0	3.192E+0	0.000E+0
1.041E+2	4.243E+0	3.182E+0	0.000E+0
1.045E+2	4.269E+0	3.150E+0	0.000E+0
1.050E+2	4.276E+0	3.119E+0	0.000E+0
1.053E+2	4.304E+0	3.078E+0	0.000E+0
1.057E+2	4.312E+0	3.050E+0	0.000E+0
1.062E+2	4.328E+0	3.013E+0	0.000E+0
1.066E+2	4.340E+0	2.988E+0	0.000E+0
1.070E+2	4.348E+0	2.955E+0	0.000E+0
1.076E+2	4.364E+0	2.920E+0	0.000E+0
1.080E+2	4.380E+0	2.899E+0	0.000E+0
1.085E+2	4.398E+0	2.868E+0	0.000E+0
1.088E+2	4.418E+0	2.835E+0	0.000E+0
1.092E+2	4.434E+0	2.807E+0	0.000E+0
1.096E+2	4.447E+0	2.783E+0	0.000E+0
1.100E+2	4.462E+0	2.772E+0	0.000E+0
1.105E+2	4.465E+0	2.764E+0	0.000E+0
1.108E+2	4.464E+0	2.750E+0	0.000E+0
1.112E+2	4.489E+0	2.728E+0	0.000E+0
1.117E+2	4.500E+0	2.715E+0	0.000E+0
1.121E+2	4.527E+0	2.716E+0	0.000E+0
1.125E+2	4.549E+0	2.750E+0	0.000E+0
1.131E+2	4.566E+0	2.836E+0	0.000E+0
1.135E+2	4.600E+0	2.882E+0	0.000E+0
1.140E+2	4.606E+0	2.944E+0	0.000E+0
1.143E+2	4.641E+0	3.102E+0	0.000E+0
1.147E+2	4.646E+0	3.128E+0	0.000E+0
1.151E+2	4.654E+0	3.191E+0	0.000E+0
1.155E+2	4.664E+0	3.235E+0	0.000E+0
1.160E+2	4.677E+0	3.348E+0	0.000E+0
1.163E+2	4.706E+0	3.382E+0	0.000E+0
1.167E+2	4.723E+0	3.417E+0	0.000E+0
1.172E+2	4.734E+0	3.436E+0	0.000E+0
1.176E+2	4.764E+0	3.425E+0	0.000E+0
1.180E+2	4.773E+0	3.407E+0	0.000E+0
1.186E+2	4.780E+0	3.363E+0	0.000E+0
1.190E+2	4.804E+0	3.330E+0	0.000E+0
1.195E+2	4.817E+0	3.258E+0	0.000E+0
1.198E+2	4.844E+0	3.203E+0	0.000E+0
1.202E+2	4.860E+0	3.176E+0	0.000E+0
1.206E+2	4.874E+0	3.119E+0	0.000E+0
1.210E+2	4.888E+0	3.065E+0	0.000E+0
1.215E+2	4.908E+0	3.022E+0	0.000E+0
1.218E+2	4.926E+0	2.991E+0	0.000E+0
1.222E+2	4.936E+0	2.972E+0	0.000E+0
1.227E+2	4.943E+0	2.940E+0	0.000E+0
1.231E+2	4.961E+0	2.899E+0	0.000E+0
1.235E+2	4.976E+0	2.863E+0	0.000E+0
1.241E+2	4.991E+0	2.846E+0	0.000E+0
1.245E+2	5.009E+0	2.828E+0	0.000E+0
1.250E+2	5.013E+0	2.817E+0	0.000E+0
1.253E+2	5.077E+0	2.875E+0	0.000E+0
1.257E+2	5.082E+0	2.899E+0	0.000E+0
1.261E+2	5.086E+0	2.910E+0	0.000E+0
1.265E+2	5.090E+0	2.926E+0	0.000E+0
1.270E+2	5.101E+0	2.971E+0	0.000E+0
1.273E+2	5.105E+0	2.996E+0	0.000E+0
1.277E+2	5.106E+0	3.006E+0	0.000E+0
1.282E+2	5.106E+0	3.040E+0	0.000E+0
1.286E+2	5.126E+0	3.127E+0	0.000E+0
1.290E+2	5.139E+0	3.393E+0	0.000E+0
1.296E+2	5.176E+0	3.586E+0	0.000E+0
1.300E+2	5.199E+0	3.665E+0	0.000E+0
1.305E+2	5.201E+0	3.450E+0	0.000E+0