% 11/22/14 2:25:43 PM 
 %time(s);  Meter 1;   Meter 2;   none; 
0.000E+0	2.484E-1	-3.784E-2	0.000E+0
1.254E-1	2.484E-1	-3.791E-2	0.000E+0
2.530E-1	2.484E-1	-3.794E-2	0.000E+0
3.782E-1	2.484E-1	-3.779E-2	0.000E+0
5.030E-1	2.483E-1	-3.775E-2	0.000E+0
7.530E-1	2.483E-1	-3.771E-2	0.000E+0
9.313E-1	2.482E-1	-3.780E-2	0.000E+0
1.057E+0	2.484E-1	-3.789E-2	0.000E+0
1.184E+0	2.524E-1	-3.778E-2	0.000E+0
1.308E+0	2.532E-1	-3.783E-2	0.000E+0
1.434E+0	2.620E-1	-3.771E-2	0.000E+0
1.558E+0	2.922E-1	-3.774E-2	0.000E+0
1.685E+0	3.038E-1	-3.776E-2	0.000E+0
2.218E+0	3.664E-1	-3.767E-2	0.000E+0
2.344E+0	3.671E-1	-3.768E-2	0.000E+0
2.470E+0	3.712E-1	-3.773E-2	0.000E+0
2.597E+0	3.844E-1	-3.781E-2	0.000E+0
2.723E+0	3.921E-1	-3.767E-2	0.000E+0
2.940E+0	4.234E-1	-3.768E-2	0.000E+0
3.132E+0	4.245E-1	-3.781E-2	0.000E+0
3.258E+0	4.262E-1	-3.770E-2	0.000E+0
3.383E+0	4.438E-1	-3.759E-2	0.000E+0
3.508E+0	4.761E-1	-3.763E-2	0.000E+0
3.635E+0	4.766E-1	-3.769E-2	0.000E+0
3.759E+0	4.767E-1	-3.765E-2	0.000E+0
3.886E+0	4.778E-1	-3.750E-2	0.000E+0
4.012E+0	5.088E-1	-3.759E-2	0.000E+0
4.138E+0	5.092E-1	-3.765E-2	0.000E+0
4.264E+0	5.087E-1	-3.754E-2	0.000E+0
4.389E+0	5.091E-1	-3.750E-2	0.000E+0
4.515E+0	5.094E-1	-3.754E-2	0.000E+0
4.642E+0	5.097E-1	-3.745E-2	0.000E+0
4.768E+0	5.119E-1	-3.749E-2	0.000E+0
4.895E+0	5.289E-1	-3.750E-2	0.000E+0
5.145E+0	5.432E-1	-3.737E-2	0.000E+0
5.332E+0	5.435E-1	-3.734E-2	0.000E+0
5.460E+0	5.460E-1	-3.721E-2	0.000E+0
5.587E+0	5.684E-1	-3.711E-2	0.000E+0
5.714E+0	5.705E-1	-3.707E-2	0.000E+0
5.839E+0	5.714E-1	-3.714E-2	0.000E+0
5.965E+0	5.712E-1	-3.709E-2	0.000E+0
6.092E+0	5.718E-1	-3.708E-2	0.000E+0
6.241E+0	5.724E-1	-3.717E-2	0.000E+0
6.434E+0	5.737E-1	-3.694E-2	0.000E+0
6.561E+0	5.930E-1	-3.686E-2	0.000E+0
6.686E+0	5.946E-1	-3.692E-2	0.000E+0
6.813E+0	6.008E-1	-3.679E-2	0.000E+0
6.940E+0	6.111E-1	-3.663E-2	0.000E+0
7.066E+0	6.194E-1	-3.648E-2	0.000E+0
7.193E+0	6.289E-1	-3.651E-2	0.000E+0
7.722E+0	6.529E-1	-3.601E-2	0.000E+0
7.847E+0	6.579E-1	-3.598E-2	0.000E+0
7.972E+0	6.603E-1	-3.593E-2	0.000E+0
8.098E+0	6.624E-1	-3.584E-2	0.000E+0
8.225E+0	6.680E-1	-3.571E-2	0.000E+0
8.444E+0	6.908E-1	-3.532E-2	0.000E+0
8.636E+0	6.942E-1	-3.514E-2	0.000E+0
8.763E+0	7.109E-1	-3.488E-2	0.000E+0
8.889E+0	7.182E-1	-3.481E-2	0.000E+0
9.016E+0	7.208E-1	-3.453E-2	0.000E+0
9.143E+0	7.328E-1	-3.455E-2	0.000E+0
9.268E+0	7.360E-1	-3.447E-2	0.000E+0
9.394E+0	7.394E-1	-3.438E-2	0.000E+0
9.543E+0	7.482E-1	-3.412E-2	0.000E+0
9.736E+0	7.581E-1	-3.388E-2	0.000E+0
9.862E+0	7.662E-1	-3.396E-2	0.000E+0
9.989E+0	7.730E-1	-3.352E-2	0.000E+0
1.011E+1	7.877E-1	-3.325E-2	0.000E+0
1.024E+1	8.052E-1	-3.325E-2	0.000E+0
1.037E+1	8.061E-1	-3.326E-2	0.000E+0
1.049E+1	8.064E-1	-3.336E-2	0.000E+0
1.064E+1	8.071E-1	-3.329E-2	0.000E+0
1.084E+1	8.071E-1	-3.306E-2	0.000E+0
1.096E+1	8.101E-1	-3.301E-2	0.000E+0
1.109E+1	8.173E-1	-3.312E-2	0.000E+0
1.122E+1	8.313E-1	-3.271E-2	0.000E+0
1.134E+1	8.443E-1	-3.271E-2	0.000E+0
1.147E+1	8.455E-1	-3.273E-2	0.000E+0
1.160E+1	8.489E-1	-3.260E-2	0.000E+0
1.175E+1	8.552E-1	-3.264E-2	0.000E+0
1.194E+1	8.583E-1	-3.228E-2	0.000E+0
1.206E+1	8.796E-1	-3.234E-2	0.000E+0
1.219E+1	8.809E-1	-3.218E-2	0.000E+0
1.232E+1	8.861E-1	-3.213E-2	0.000E+0
1.244E+1	8.878E-1	-3.220E-2	0.000E+0
1.257E+1	8.951E-1	-3.191E-2	0.000E+0
1.269E+1	9.005E-1	-3.188E-2	0.000E+0
1.323E+1	9.167E-1	-3.149E-2	0.000E+0
1.335E+1	9.355E-1	-3.163E-2	0.000E+0
1.348E+1	9.373E-1	-3.162E-2	0.000E+0
1.360E+1	9.475E-1	-3.118E-2	0.000E+0
1.373E+1	9.603E-1	-3.109E-2	0.000E+0
1.395E+1	9.612E-1	-3.106E-2	0.000E+0
1.414E+1	9.619E-1	-3.103E-2	0.000E+0
1.427E+1	9.681E-1	-3.095E-2	0.000E+0
1.439E+1	9.720E-1	-3.069E-2	0.000E+0
1.452E+1	9.753E-1	-3.075E-2	0.000E+0
1.465E+1	9.755E-1	-3.077E-2	0.000E+0
1.477E+1	9.808E-1	-3.045E-2	0.000E+0
1.490E+1	9.964E-1	-2.980E-2	0.000E+0
1.505E+1	1.018E+0	-2.915E-2	0.000E+0
1.517E+1	1.026E+0	-2.912E-2	0.000E+0
1.530E+1	1.030E+0	-2.846E-2	0.000E+0
1.543E+1	1.040E+0	-2.836E-2	0.000E+0
1.555E+1	1.042E+0	-2.773E-2	0.000E+0
1.568E+1	1.053E+0	-2.764E-2	0.000E+0
1.581E+1	1.055E+0	-2.747E-2	0.000E+0
1.593E+1	1.055E+0	-2.764E-2	0.000E+0
1.615E+1	1.055E+0	-2.759E-2	0.000E+0
1.634E+1	1.057E+0	-2.664E-2	0.000E+0
1.647E+1	1.072E+0	-2.580E-2	0.000E+0
1.659E+1	1.085E+0	-2.512E-2	0.000E+0
1.672E+1	1.090E+0	-2.377E-2	0.000E+0
1.684E+1	1.108E+0	-2.287E-2	0.000E+0
1.697E+1	1.110E+0	-2.305E-2	0.000E+0
1.710E+1	1.110E+0	-2.298E-2	0.000E+0
1.725E+1	1.112E+0	-2.267E-2	0.000E+0
1.744E+1	1.118E+0	-2.175E-2	0.000E+0
1.757E+1	1.124E+0	-2.154E-2	0.000E+0
1.769E+1	1.133E+0	-2.016E-2	0.000E+0
1.782E+1	1.141E+0	-1.995E-2	0.000E+0
1.795E+1	1.142E+0	-1.980E-2	0.000E+0
1.807E+1	1.147E+0	-1.917E-2	0.000E+0
1.820E+1	1.149E+0	-1.919E-2	0.000E+0
1.873E+1	1.168E+0	-1.739E-2	0.000E+0
1.885E+1	1.172E+0	-1.751E-2	0.000E+0
1.898E+1	1.174E+0	-1.671E-2	0.000E+0
1.911E+1	1.183E+0	-1.638E-2	0.000E+0
1.923E+1	1.188E+0	-1.626E-2	0.000E+0
1.945E+1	1.195E+0	-1.581E-2	0.000E+0
1.979E+1	1.204E+0	-1.535E-2	0.000E+0
1.992E+1	1.220E+0	-1.467E-2	0.000E+0
2.004E+1	1.225E+0	-1.457E-2	0.000E+0
2.017E+1	1.233E+0	-1.434E-2	0.000E+0
2.030E+1	1.242E+0	-1.429E-2	0.000E+0
2.055E+1	1.257E+0	-1.449E-2	0.000E+0
2.074E+1	1.259E+0	-1.448E-2	0.000E+0
2.087E+1	1.272E+0	-1.466E-2	0.000E+0
2.100E+1	1.273E+0	-1.464E-2	0.000E+0
2.113E+1	1.274E+0	-1.472E-2	0.000E+0
2.125E+1	1.276E+0	-1.493E-2	0.000E+0
2.138E+1	1.289E+0	-1.536E-2	0.000E+0
2.150E+1	1.308E+0	-1.575E-2	0.000E+0
2.165E+1	1.321E+0	-1.618E-2	0.000E+0
2.184E+1	1.334E+0	-1.685E-2	0.000E+0
2.197E+1	1.342E+0	-1.704E-2	0.000E+0
2.210E+1	1.343E+0	-1.712E-2	0.000E+0
2.222E+1	1.343E+0	-1.714E-2	0.000E+0
2.235E+1	1.344E+0	-1.715E-2	0.000E+0
2.248E+1	1.346E+0	-1.734E-2	0.000E+0
2.260E+1	1.347E+0	-1.738E-2	0.000E+0
2.275E+1	1.350E+0	-1.756E-2	0.000E+0
2.294E+1	1.352E+0	-1.778E-2	0.000E+0
2.307E+1	1.363E+0	-1.813E-2	0.000E+0
2.320E+1	1.373E+0	-1.832E-2	0.000E+0
2.333E+1	1.380E+0	-1.847E-2	0.000E+0
2.345E+1	1.389E+0	-1.859E-2	0.000E+0
2.358E+1	1.394E+0	-1.886E-2	0.000E+0
2.370E+1	1.397E+0	-1.909E-2	0.000E+0
2.423E+1	1.404E+0	-1.931E-2	0.000E+0
2.436E+1	1.406E+0	-1.927E-2	0.000E+0
2.449E+1	1.407E+0	-1.941E-2	0.000E+0
2.461E+1	1.409E+0	-1.931E-2	0.000E+0
2.474E+1	1.419E+0	-1.922E-2	0.000E+0
2.495E+1	1.438E+0	-1.875E-2	0.000E+0
2.515E+1	1.447E+0	-1.886E-2	0.000E+0
2.527E+1	1.449E+0	-1.880E-2	0.000E+0
2.540E+1	1.453E+0	-1.859E-2	0.000E+0
2.552E+1	1.458E+0	-1.853E-2	0.000E+0
2.565E+1	1.462E+0	-1.799E-2	0.000E+0
2.577E+1	1.473E+0	-1.702E-2	0.000E+0
2.590E+1	1.481E+0	-1.627E-2	0.000E+0
2.605E+1	1.500E+0	-1.390E-2	0.000E+0
2.625E+1	1.511E+0	-1.320E-2	0.000E+0
2.637E+1	1.513E+0	-1.303E-2	0.000E+0
2.650E+1	1.518E+0	-1.234E-2	0.000E+0
2.663E+1	1.521E+0	-1.152E-2	0.000E+0
2.675E+1	1.532E+0	-9.861E-3	0.000E+0
2.688E+1	1.535E+0	-9.563E-3	0.000E+0
2.701E+1	1.536E+0	-9.111E-3	0.000E+0
2.715E+1	1.540E+0	-8.681E-3	0.000E+0
2.735E+1	1.541E+0	-8.478E-3	0.000E+0
2.747E+1	1.542E+0	-7.986E-3	0.000E+0
2.760E+1	1.545E+0	-7.231E-3	0.000E+0
2.772E+1	1.550E+0	-6.457E-3	0.000E+0
2.785E+1	1.552E+0	-5.460E-3	0.000E+0
2.798E+1	1.559E+0	-3.503E-3	0.000E+0
2.810E+1	1.567E+0	-3.732E-4	0.000E+0
2.826E+1	1.584E+0	3.689E-3	0.000E+0
2.845E+1	1.589E+0	5.735E-3	0.000E+0
2.857E+1	1.595E+0	6.232E-3	0.000E+0
2.870E+1	1.597E+0	6.467E-3	0.000E+0
2.882E+1	1.598E+0	7.603E-3	0.000E+0
2.895E+1	1.601E+0	8.248E-3	0.000E+0
2.908E+1	1.604E+0	9.871E-3	0.000E+0
2.920E+1	1.611E+0	1.224E-2	0.000E+0
2.974E+1	1.637E+0	2.213E-2	0.000E+0
2.986E+1	1.652E+0	2.222E-2	0.000E+0
2.999E+1	1.653E+0	2.226E-2	0.000E+0
3.011E+1	1.656E+0	2.262E-2	0.000E+0
3.024E+1	1.657E+0	2.281E-2	0.000E+0
3.046E+1	1.657E+0	2.259E-2	0.000E+0
3.065E+1	1.657E+0	2.320E-2	0.000E+0
3.078E+1	1.663E+0	2.367E-2	0.000E+0
3.090E+1	1.667E+0	2.401E-2	0.000E+0
3.103E+1	1.684E+0	2.560E-2	0.000E+0
3.115E+1	1.688E+0	2.554E-2	0.000E+0
3.128E+1	1.695E+0	2.560E-2	0.000E+0
3.141E+1	1.705E+0	2.530E-2	0.000E+0
3.156E+1	1.707E+0	2.496E-2	0.000E+0
3.175E+1	1.707E+0	2.484E-2	0.000E+0
3.188E+1	1.707E+0	2.471E-2	0.000E+0
3.200E+1	1.708E+0	2.461E-2	0.000E+0
3.213E+1	1.710E+0	2.443E-2	0.000E+0
3.225E+1	1.716E+0	2.396E-2	0.000E+0
3.238E+1	1.722E+0	2.324E-2	0.000E+0
3.250E+1	1.727E+0	2.229E-2	0.000E+0
3.266E+1	1.745E+0	1.970E-2	0.000E+0
3.285E+1	1.754E+0	1.831E-2	0.000E+0
3.298E+1	1.758E+0	1.753E-2	0.000E+0
3.310E+1	1.764E+0	1.668E-2	0.000E+0
3.323E+1	1.765E+0	1.643E-2	0.000E+0
3.336E+1	1.766E+0	1.584E-2	0.000E+0
3.348E+1	1.770E+0	1.481E-2	0.000E+0
3.361E+1	1.788E+0	9.817E-3	0.000E+0
3.376E+1	1.802E+0	8.619E-3	0.000E+0
3.395E+1	1.803E+0	8.370E-3	0.000E+0
3.408E+1	1.804E+0	8.208E-3	0.000E+0
3.421E+1	1.804E+0	7.928E-3	0.000E+0
3.433E+1	1.807E+0	6.757E-3	0.000E+0
3.446E+1	1.812E+0	6.308E-3	0.000E+0
3.459E+1	1.813E+0	5.997E-3	0.000E+0
3.471E+1	1.825E+0	3.161E-3	0.000E+0
3.524E+1	1.839E+0	1.125E-3	0.000E+0
3.537E+1	1.840E+0	9.804E-4	0.000E+0
3.549E+1	1.840E+0	1.087E-3	0.000E+0
3.562E+1	1.841E+0	6.823E-4	0.000E+0
3.574E+1	1.844E+0	3.987E-4	0.000E+0
3.596E+1	1.849E+0	-7.766E-4	0.000E+0
3.615E+1	1.855E+0	-1.445E-3	0.000E+0
3.628E+1	1.857E+0	-1.616E-3	0.000E+0
3.640E+1	1.858E+0	-1.764E-3	0.000E+0
3.653E+1	1.861E+0	-2.037E-3	0.000E+0
3.666E+1	1.862E+0	-2.618E-3	0.000E+0
3.678E+1	1.887E+0	-4.505E-3	0.000E+0
3.691E+1	1.915E+0	-4.576E-3	0.000E+0
3.706E+1	1.917E+0	-4.812E-3	0.000E+0
3.725E+1	1.917E+0	-4.778E-3	0.000E+0
3.738E+1	1.917E+0	-4.931E-3	0.000E+0
3.751E+1	1.917E+0	-4.941E-3	0.000E+0
3.763E+1	1.918E+0	-5.018E-3	0.000E+0
3.776E+1	1.917E+0	-5.139E-3	0.000E+0
3.789E+1	1.922E+0	-4.811E-3	0.000E+0
3.801E+1	1.928E+0	-4.141E-3	0.000E+0
3.816E+1	1.934E+0	-3.584E-3	0.000E+0
3.836E+1	1.943E+0	1.123E-4	0.000E+0
3.848E+1	1.972E+0	3.444E-3	0.000E+0
3.861E+1	1.979E+0	3.990E-3	0.000E+0
3.873E+1	1.981E+0	4.488E-3	0.000E+0
3.886E+1	1.982E+0	4.730E-3	0.000E+0
3.898E+1	1.983E+0	4.886E-3	0.000E+0
3.911E+1	1.985E+0	5.187E-3	0.000E+0
3.926E+1	1.985E+0	5.549E-3	0.000E+0
3.946E+1	1.986E+0	6.337E-3	0.000E+0
3.958E+1	1.992E+0	8.191E-3	0.000E+0
3.971E+1	1.996E+0	8.716E-3	0.000E+0
3.983E+1	1.997E+0	8.677E-3	0.000E+0
3.996E+1	1.998E+0	8.907E-3	0.000E+0
4.009E+1	1.998E+0	9.036E-3	0.000E+0
4.021E+1	1.998E+0	8.967E-3	0.000E+0
4.074E+1	2.005E+0	2.181E-2	0.000E+0
4.087E+1	2.035E+0	2.544E-2	0.000E+0
4.099E+1	2.036E+0	2.568E-2	0.000E+0
4.112E+1	2.036E+0	2.549E-2	0.000E+0
4.125E+1	2.036E+0	2.570E-2	0.000E+0
4.146E+1	2.037E+0	2.657E-2	0.000E+0
4.166E+1	2.039E+0	2.666E-2	0.000E+0
4.178E+1	2.038E+0	2.658E-2	0.000E+0
4.191E+1	2.038E+0	2.663E-2	0.000E+0
4.204E+1	2.038E+0	2.666E-2	0.000E+0
4.216E+1	2.038E+0	2.668E-2	0.000E+0
4.229E+1	2.038E+0	2.661E-2	0.000E+0
4.242E+1	2.039E+0	2.672E-2	0.000E+0
4.256E+1	2.039E+0	2.685E-2	0.000E+0
4.276E+1	2.037E+0	2.868E-2	0.000E+0
4.288E+1	2.061E+0	3.549E-2	0.000E+0
4.301E+1	2.067E+0	4.981E-2	0.000E+0
4.314E+1	2.082E+0	6.010E-2	0.000E+0
4.326E+1	2.097E+0	6.662E-2	0.000E+0
4.339E+1	2.101E+0	6.920E-2	0.000E+0
4.351E+1	2.108E+0	7.286E-2	0.000E+0
4.367E+1	2.112E+0	7.409E-2	0.000E+0
4.386E+1	2.118E+0	8.056E-2	0.000E+0
4.398E+1	2.124E+0	8.100E-2	0.000E+0
4.411E+1	2.126E+0	8.419E-2	0.000E+0
4.424E+1	2.138E+0	8.934E-2	0.000E+0
4.436E+1	2.149E+0	9.018E-2	0.000E+0
4.449E+1	2.151E+0	9.022E-2	0.000E+0
4.461E+1	2.152E+0	9.051E-2	0.000E+0
4.477E+1	2.155E+0	9.062E-2	0.000E+0
4.496E+1	2.158E+0	9.116E-2	0.000E+0
4.509E+1	2.161E+0	9.133E-2	0.000E+0
4.521E+1	2.177E+0	8.997E-2	0.000E+0
4.534E+1	2.191E+0	8.924E-2	0.000E+0
4.547E+1	2.191E+0	8.890E-2	0.000E+0
4.559E+1	2.192E+0	8.846E-2	0.000E+0
4.572E+1	2.192E+0	8.838E-2	0.000E+0
4.625E+1	2.195E+0	8.548E-2	0.000E+0
4.637E+1	2.202E+0	8.476E-2	0.000E+0
4.650E+1	2.209E+0	8.289E-2	0.000E+0
4.662E+1	2.211E+0	8.243E-2	0.000E+0
4.675E+1	2.211E+0	8.215E-2	0.000E+0
4.697E+1	2.221E+0	7.822E-2	0.000E+0
4.716E+1	2.221E+0	7.808E-2	0.000E+0
4.729E+1	2.222E+0	7.769E-2	0.000E+0
4.742E+1	2.223E+0	7.692E-2	0.000E+0
4.754E+1	2.224E+0	7.676E-2	0.000E+0
4.767E+1	2.225E+0	7.405E-2	0.000E+0
4.779E+1	2.232E+0	7.213E-2	0.000E+0
4.792E+1	2.234E+0	7.135E-2	0.000E+0
4.807E+1	2.240E+0	6.800E-2	0.000E+0
4.826E+1	2.249E+0	6.169E-2	0.000E+0
4.839E+1	2.255E+0	6.154E-2	0.000E+0
4.851E+1	2.255E+0	6.125E-2	0.000E+0
4.864E+1	2.255E+0	6.114E-2	0.000E+0
4.877E+1	2.255E+0	6.085E-2	0.000E+0
4.889E+1	2.256E+0	6.051E-2	0.000E+0
4.902E+1	2.256E+0	6.073E-2	0.000E+0
4.917E+1	2.259E+0	5.820E-2	0.000E+0
4.936E+1	2.261E+0	5.745E-2	0.000E+0
4.949E+1	2.262E+0	5.721E-2	0.000E+0
4.962E+1	2.270E+0	5.151E-2	0.000E+0
4.974E+1	2.275E+0	5.015E-2	0.000E+0
4.987E+1	2.277E+0	4.935E-2	0.000E+0
4.999E+1	2.278E+0	4.836E-2	0.000E+0
5.012E+1	2.280E+0	4.687E-2	0.000E+0
5.027E+1	2.292E+0	4.031E-2	0.000E+0
5.046E+1	2.300E+0	3.703E-2	0.000E+0
5.059E+1	2.302E+0	3.624E-2	0.000E+0
5.072E+1	2.309E+0	3.316E-2	0.000E+0
5.084E+1	2.311E+0	3.263E-2	0.000E+0
5.097E+1	2.312E+0	3.222E-2	0.000E+0
5.109E+1	2.313E+0	3.210E-2	0.000E+0
5.122E+1	2.312E+0	3.201E-2	0.000E+0
5.175E+1	2.314E+0	2.762E-2	0.000E+0
5.188E+1	2.328E+0	2.522E-2	0.000E+0
5.200E+1	2.334E+0	2.282E-2	0.000E+0
5.213E+1	2.342E+0	2.102E-2	0.000E+0
5.225E+1	2.345E+0	2.066E-2	0.000E+0
5.247E+1	2.355E+0	1.710E-2	0.000E+0
5.266E+1	2.361E+0	1.653E-2	0.000E+0
5.279E+1	2.362E+0	1.633E-2	0.000E+0
5.292E+1	2.363E+0	1.639E-2	0.000E+0
5.304E+1	2.363E+0	1.637E-2	0.000E+0
5.317E+1	2.363E+0	1.616E-2	0.000E+0
5.329E+1	2.362E+0	1.509E-2	0.000E+0
5.342E+1	2.374E+0	1.463E-2	0.000E+0
5.357E+1	2.376E+0	1.410E-2	0.000E+0
5.370E+1	2.384E+0	1.374E-2	0.000E+0
5.382E+1	2.384E+0	1.356E-2	0.000E+0
5.395E+1	2.385E+0	1.348E-2	0.000E+0
5.407E+1	2.389E+0	1.320E-2	0.000E+0
5.420E+1	2.390E+0	1.320E-2	0.000E+0
5.433E+1	2.391E+0	1.316E-2	0.000E+0
5.445E+1	2.401E+0	1.341E-2	0.000E+0
5.467E+1	2.406E+0	1.360E-2	0.000E+0
5.487E+1	2.407E+0	1.357E-2	0.000E+0
5.499E+1	2.407E+0	1.354E-2	0.000E+0
5.512E+1	2.407E+0	1.361E-2	0.000E+0
5.525E+1	2.408E+0	1.356E-2	0.000E+0
5.537E+1	2.408E+0	1.365E-2	0.000E+0
5.550E+1	2.408E+0	1.352E-2	0.000E+0
5.563E+1	2.411E+0	1.409E-2	0.000E+0
5.577E+1	2.415E+0	1.447E-2	0.000E+0
5.597E+1	2.415E+0	1.460E-2	0.000E+0
5.609E+1	2.419E+0	1.547E-2	0.000E+0
5.622E+1	2.427E+0	1.695E-2	0.000E+0
5.635E+1	2.429E+0	1.681E-2	0.000E+0
5.647E+1	2.429E+0	1.786E-2	0.000E+0
5.660E+1	2.438E+0	1.971E-2	0.000E+0
5.672E+1	2.442E+0	2.114E-2	0.000E+0
5.725E+1	2.467E+0	3.159E-2	0.000E+0
5.738E+1	2.471E+0	3.182E-2	0.000E+0
5.751E+1	2.471E+0	3.184E-2	0.000E+0
5.763E+1	2.471E+0	3.177E-2	0.000E+0
5.776E+1	2.471E+0	3.132E-2	0.000E+0
5.798E+1	2.472E+0	3.212E-2	0.000E+0
5.817E+1	2.473E+0	3.559E-2	0.000E+0
5.829E+1	2.484E+0	3.939E-2	0.000E+0
5.842E+1	2.486E+0	3.980E-2	0.000E+0
5.855E+1	2.485E+0	4.115E-2	0.000E+0
5.867E+1	2.492E+0	6.983E-2	0.000E+0
5.880E+1	2.548E+0	9.651E-2	0.000E+0
5.893E+1	2.552E+0	9.683E-2	0.000E+0
5.908E+1	2.553E+0	9.707E-2	0.000E+0
5.927E+1	2.554E+0	9.735E-2	0.000E+0
5.940E+1	2.554E+0	9.763E-2	0.000E+0
5.952E+1	2.554E+0	9.782E-2	0.000E+0
5.965E+1	2.554E+0	9.797E-2	0.000E+0
5.977E+1	2.554E+0	9.788E-2	0.000E+0
5.990E+1	2.554E+0	9.708E-2	0.000E+0
6.003E+1	2.553E+0	9.765E-2	0.000E+0
6.018E+1	2.554E+0	9.825E-2	0.000E+0
6.037E+1	2.555E+0	9.764E-2	0.000E+0
6.050E+1	2.555E+0	9.783E-2	0.000E+0
6.062E+1	2.555E+0	9.788E-2	0.000E+0
6.075E+1	2.563E+0	1.112E-1	0.000E+0
6.107E+1	2.571E+0	1.316E-1	0.000E+0
6.128E+1	2.591E+0	1.459E-1	0.000E+0
6.147E+1	2.617E+0	1.730E-1	0.000E+0
6.160E+1	2.628E+0	1.737E-1	0.000E+0
6.172E+1	2.629E+0	1.737E-1	0.000E+0
6.185E+1	2.629E+0	1.734E-1	0.000E+0
6.198E+1	2.630E+0	1.736E-1	0.000E+0
6.210E+1	2.630E+0	1.732E-1	0.000E+0
6.223E+1	2.630E+0	1.736E-1	0.000E+0
6.276E+1	2.651E+0	1.819E-1	0.000E+0
6.288E+1	2.658E+0	1.817E-1	0.000E+0
6.301E+1	2.658E+0	1.817E-1	0.000E+0
6.314E+1	2.658E+0	1.815E-1	0.000E+0
6.326E+1	2.658E+0	1.816E-1	0.000E+0
6.348E+1	2.658E+0	1.815E-1	0.000E+0
6.367E+1	2.689E+0	1.592E-1	0.000E+0
6.380E+1	2.713E+0	1.571E-1	0.000E+0
6.393E+1	2.715E+0	1.555E-1	0.000E+0
6.405E+1	2.718E+0	1.527E-1	0.000E+0
6.418E+1	2.720E+0	1.516E-1	0.000E+0
6.430E+1	2.721E+0	1.505E-1	0.000E+0
6.443E+1	2.722E+0	1.500E-1	0.000E+0
6.458E+1	2.741E+0	1.212E-1	0.000E+0
6.477E+1	2.755E+0	1.176E-1	0.000E+0
6.490E+1	2.757E+0	1.166E-1	0.000E+0
6.502E+1	2.758E+0	1.161E-1	0.000E+0
6.515E+1	2.758E+0	1.158E-1	0.000E+0
6.528E+1	2.758E+0	1.158E-1	0.000E+0
6.540E+1	2.763E+0	1.056E-1	0.000E+0
6.553E+1	2.770E+0	1.031E-1	0.000E+0
6.568E+1	2.771E+0	1.022E-1	0.000E+0
6.609E+1	2.772E+0	7.105E-2	0.000E+0
6.621E+1	2.813E+0	6.626E-2	0.000E+0
6.634E+1	2.816E+0	6.465E-2	0.000E+0
6.646E+1	2.817E+0	6.409E-2	0.000E+0
6.659E+1	2.816E+0	6.189E-2	0.000E+0
6.678E+1	2.825E+0	5.905E-2	0.000E+0
6.697E+1	2.828E+0	5.272E-2	0.000E+0
6.710E+1	2.840E+0	4.894E-2	0.000E+0
6.723E+1	2.850E+0	4.465E-2	0.000E+0
6.736E+1	2.867E+0	4.086E-2	0.000E+0
6.748E+1	2.875E+0	4.001E-2	0.000E+0
6.761E+1	2.879E+0	3.976E-2	0.000E+0
6.773E+1	2.880E+0	3.962E-2	0.000E+0
6.826E+1	2.893E+0	4.012E-2	0.000E+0
6.839E+1	2.901E+0	4.002E-2	0.000E+0
6.851E+1	2.904E+0	4.073E-2	0.000E+0
6.864E+1	2.906E+0	4.078E-2	0.000E+0
6.876E+1	2.911E+0	4.099E-2	0.000E+0
6.898E+1	2.912E+0	4.475E-2	0.000E+0
6.917E+1	2.924E+0	4.690E-2	0.000E+0
6.930E+1	2.928E+0	4.718E-2	0.000E+0
6.943E+1	2.929E+0	4.744E-2	0.000E+0
6.955E+1	2.929E+0	4.703E-2	0.000E+0
6.968E+1	2.929E+0	4.821E-2	0.000E+0
6.981E+1	2.932E+0	4.872E-2	0.000E+0
6.993E+1	2.932E+0	5.179E-2	0.000E+0
7.006E+1	2.944E+0	5.440E-2	0.000E+0
7.028E+1	2.945E+0	6.874E-2	0.000E+0
7.040E+1	2.967E+0	7.183E-2	0.000E+0
7.053E+1	2.968E+0	7.274E-2	0.000E+0
7.065E+1	2.969E+0	7.303E-2	0.000E+0
7.078E+1	2.970E+0	7.344E-2	0.000E+0
7.091E+1	2.970E+0	7.393E-2	0.000E+0
7.103E+1	2.974E+0	7.968E-2	0.000E+0
7.116E+1	2.980E+0	8.134E-2	0.000E+0
7.138E+1	2.981E+0	8.563E-2	0.000E+0
7.150E+1	2.985E+0	8.740E-2	0.000E+0
7.163E+1	2.986E+0	8.808E-2	0.000E+0
7.176E+1	2.987E+0	8.832E-2	0.000E+0
7.188E+1	2.991E+0	9.557E-2	0.000E+0
7.201E+1	2.996E+0	9.865E-2	0.000E+0
7.214E+1	2.997E+0	9.975E-2	0.000E+0
7.229E+1	2.997E+0	1.004E-1	0.000E+0
7.248E+1	2.998E+0	1.007E-1	0.000E+0
7.260E+1	2.996E+0	1.052E-1	0.000E+0
7.273E+1	3.006E+0	1.120E-1	0.000E+0
7.286E+1	3.008E+0	1.160E-1	0.000E+0
7.317E+1	3.013E+0	1.341E-1	0.000E+0
7.377E+1	3.034E+0	1.604E-1	0.000E+0
7.389E+1	3.043E+0	1.713E-1	0.000E+0
7.402E+1	3.052E+0	1.855E-1	0.000E+0
7.415E+1	3.058E+0	1.901E-1	0.000E+0
7.427E+1	3.059E+0	1.915E-1	0.000E+0
7.449E+1	3.063E+0	1.989E-1	0.000E+0
7.468E+1	3.064E+0	2.226E-1	0.000E+0
7.481E+1	3.084E+0	2.391E-1	0.000E+0
7.493E+1	3.088E+0	2.441E-1	0.000E+0
7.506E+1	3.091E+0	2.517E-1	0.000E+0
7.518E+1	3.096E+0	2.580E-1	0.000E+0
7.531E+1	3.103E+0	2.670E-1	0.000E+0
7.544E+1	3.106E+0	2.694E-1	0.000E+0
7.559E+1	3.107E+0	2.706E-1	0.000E+0
7.578E+1	3.108E+0	2.719E-1	0.000E+0
7.590E+1	3.109E+0	2.723E-1	0.000E+0
7.603E+1	3.114E+0	2.812E-1	0.000E+0
7.616E+1	3.119E+0	2.938E-1	0.000E+0
7.628E+1	3.132E+0	2.978E-1	0.000E+0
7.641E+1	3.135E+0	2.986E-1	0.000E+0
7.654E+1	3.136E+0	2.999E-1	0.000E+0
7.669E+1	3.139E+0	3.010E-1	0.000E+0
7.688E+1	3.141E+0	3.035E-1	0.000E+0
7.701E+1	3.148E+0	3.051E-1	0.000E+0
7.713E+1	3.155E+0	3.062E-1	0.000E+0
7.726E+1	3.160E+0	3.058E-1	0.000E+0
7.739E+1	3.175E+0	2.936E-1	0.000E+0
7.751E+1	3.196E+0	2.870E-1	0.000E+0
7.764E+1	3.198E+0	2.861E-1	0.000E+0
7.779E+1	3.199E+0	2.852E-1	0.000E+0
7.798E+1	3.199E+0	2.850E-1	0.000E+0
7.811E+1	3.199E+0	2.848E-1	0.000E+0
7.823E+1	3.200E+0	2.844E-1	0.000E+0
7.836E+1	3.200E+0	2.842E-1	0.000E+0
7.848E+1	3.199E+0	2.856E-1	0.000E+0
7.861E+1	3.199E+0	2.844E-1	0.000E+0
7.874E+1	3.200E+0	2.758E-1	0.000E+0
7.927E+1	3.223E+0	2.474E-1	0.000E+0
7.940E+1	3.230E+0	2.375E-1	0.000E+0
7.952E+1	3.238E+0	2.300E-1	0.000E+0
7.965E+1	3.252E+0	1.935E-1	0.000E+0
7.977E+1	3.267E+0	1.865E-1	0.000E+0
7.999E+1	3.270E+0	1.858E-1	0.000E+0
8.018E+1	3.270E+0	1.827E-1	0.000E+0
8.031E+1	3.272E+0	1.824E-1	0.000E+0
8.043E+1	3.278E+0	1.609E-1	0.000E+0
8.056E+1	3.291E+0	1.464E-1	0.000E+0
8.069E+1	3.301E+0	1.393E-1	0.000E+0
8.081E+1	3.303E+0	1.378E-1	0.000E+0
8.094E+1	3.304E+0	1.368E-1	0.000E+0
8.109E+1	3.304E+0	1.362E-1	0.000E+0
8.128E+1	3.305E+0	1.368E-1	0.000E+0
8.141E+1	3.306E+0	1.353E-1	0.000E+0
8.154E+1	3.306E+0	1.347E-1	0.000E+0
8.166E+1	3.307E+0	1.339E-1	0.000E+0
8.179E+1	3.305E+0	1.117E-1	0.000E+0
8.210E+1	3.341E+0	9.115E-2	0.000E+0
8.223E+1	3.356E+0	9.097E-2	0.000E+0
8.238E+1	3.357E+0	9.094E-2	0.000E+0
8.251E+1	3.356E+0	9.098E-2	0.000E+0
8.264E+1	3.357E+0	9.024E-2	0.000E+0
8.276E+1	3.358E+0	8.998E-2	0.000E+0
8.289E+1	3.359E+0	8.969E-2	0.000E+0
8.301E+1	3.358E+0	8.971E-2	0.000E+0
8.314E+1	3.358E+0	8.957E-2	0.000E+0
8.329E+1	3.358E+0	8.961E-2	0.000E+0
8.348E+1	3.358E+0	8.971E-2	0.000E+0
8.361E+1	3.358E+0	8.951E-2	0.000E+0
8.374E+1	3.358E+0	8.953E-2	0.000E+0
8.386E+1	3.358E+0	9.068E-2	0.000E+0
8.399E+1	3.362E+0	8.616E-2	0.000E+0
8.412E+1	3.370E+0	8.415E-2	0.000E+0
8.424E+1	3.374E+0	8.390E-2	0.000E+0
8.477E+1	3.400E+0	8.810E-2	0.000E+0
8.490E+1	3.423E+0	9.125E-2	0.000E+0
8.502E+1	3.426E+0	9.243E-2	0.000E+0
8.515E+1	3.427E+0	9.270E-2	0.000E+0
8.528E+1	3.428E+0	9.310E-2	0.000E+0
8.549E+1	3.433E+0	1.084E-1	0.000E+0
8.590E+1	3.460E+0	1.248E-1	0.000E+0
8.602E+1	3.465E+0	1.249E-1	0.000E+0
8.615E+1	3.465E+0	1.253E-1	0.000E+0
8.627E+1	3.465E+0	1.240E-1	0.000E+0
8.640E+1	3.468E+0	1.299E-1	0.000E+0
8.659E+1	3.478E+0	1.433E-1	0.000E+0
8.679E+1	3.479E+0	1.544E-1	0.000E+0
8.691E+1	3.488E+0	1.558E-1	0.000E+0
8.704E+1	3.489E+0	1.568E-1	0.000E+0
8.717E+1	3.489E+0	1.578E-1	0.000E+0
8.729E+1	3.490E+0	1.590E-1	0.000E+0
8.742E+1	3.490E+0	1.583E-1	0.000E+0
8.754E+1	3.489E+0	1.569E-1	0.000E+0
8.769E+1	3.489E+0	1.581E-1	0.000E+0
8.789E+1	3.489E+0	1.760E-1	0.000E+0
8.801E+1	3.504E+0	1.837E-1	0.000E+0
8.814E+1	3.506E+0	1.853E-1	0.000E+0
8.826E+1	3.507E+0	1.853E-1	0.000E+0
8.839E+1	3.519E+0	2.307E-1	0.000E+0
8.852E+1	3.532E+0	2.405E-1	0.000E+0
8.864E+1	3.534E+0	2.418E-1	0.000E+0
8.879E+1	3.534E+0	2.426E-1	0.000E+0
8.899E+1	3.535E+0	2.420E-1	0.000E+0
8.911E+1	3.535E+0	2.420E-1	0.000E+0
8.924E+1	3.547E+0	2.985E-1	0.000E+0
8.937E+1	3.568E+0	3.256E-1	0.000E+0
8.949E+1	3.570E+0	3.269E-1	0.000E+0
8.962E+1	3.571E+0	3.287E-1	0.000E+0
8.974E+1	3.571E+0	3.295E-1	0.000E+0
9.028E+1	3.580E+0	4.072E-1	0.000E+0
9.040E+1	3.613E+0	4.265E-1	0.000E+0
9.052E+1	3.616E+0	4.312E-1	0.000E+0
9.065E+1	3.619E+0	4.321E-1	0.000E+0
9.077E+1	3.619E+0	4.339E-1	0.000E+0
9.100E+1	3.620E+0	4.288E-1	0.000E+0
9.119E+1	3.618E+0	4.321E-1	0.000E+0
9.131E+1	3.618E+0	4.338E-1	0.000E+0
9.144E+1	3.623E+0	4.464E-1	0.000E+0
9.157E+1	3.634E+0	4.562E-1	0.000E+0
9.169E+1	3.638E+0	4.606E-1	0.000E+0
9.182E+1	3.641E+0	4.638E-1	0.000E+0
9.195E+1	3.646E+0	4.669E-1	0.000E+0
9.210E+1	3.651E+0	4.704E-1	0.000E+0
9.229E+1	3.653E+0	4.706E-1	0.000E+0
9.242E+1	3.655E+0	4.726E-1	0.000E+0
9.254E+1	3.663E+0	4.742E-1	0.000E+0
9.267E+1	3.669E+0	4.735E-1	0.000E+0
9.280E+1	3.676E+0	4.719E-1	0.000E+0
9.292E+1	3.682E+0	4.695E-1	0.000E+0
9.305E+1	3.685E+0	4.686E-1	0.000E+0
9.320E+1	3.688E+0	4.646E-1	0.000E+0
9.339E+1	3.701E+0	4.419E-1	0.000E+0
9.352E+1	3.710E+0	4.392E-1	0.000E+0
9.364E+1	3.712E+0	4.381E-1	0.000E+0
9.377E+1	3.713E+0	4.373E-1	0.000E+0
9.390E+1	3.712E+0	4.373E-1	0.000E+0
9.402E+1	3.712E+0	4.363E-1	0.000E+0
9.415E+1	3.714E+0	4.325E-1	0.000E+0
9.430E+1	3.715E+0	4.320E-1	0.000E+0
9.449E+1	3.719E+0	4.128E-1	0.000E+0
9.462E+1	3.728E+0	4.067E-1	0.000E+0
9.474E+1	3.734E+0	3.920E-1	0.000E+0
9.487E+1	3.741E+0	3.754E-1	0.000E+0
9.500E+1	3.748E+0	3.715E-1	0.000E+0
9.512E+1	3.748E+0	3.667E-1	0.000E+0
9.525E+1	3.749E+0	3.648E-1	0.000E+0
9.578E+1	3.756E+0	3.259E-1	0.000E+0
9.591E+1	3.769E+0	3.238E-1	0.000E+0
9.603E+1	3.771E+0	3.209E-1	0.000E+0
9.616E+1	3.771E+0	2.929E-1	0.000E+0
9.629E+1	3.793E+0	2.718E-1	0.000E+0
9.650E+1	3.796E+0	2.684E-1	0.000E+0
9.669E+1	3.797E+0	2.671E-1	0.000E+0
9.682E+1	3.798E+0	2.656E-1	0.000E+0
9.694E+1	3.797E+0	2.684E-1	0.000E+0
9.707E+1	3.798E+0	2.632E-1	0.000E+0
9.720E+1	3.800E+0	2.613E-1	0.000E+0
9.732E+1	3.800E+0	2.548E-1	0.000E+0
9.745E+1	3.805E+0	2.379E-1	0.000E+0
9.760E+1	3.833E+0	2.028E-1	0.000E+0
9.779E+1	3.837E+0	2.002E-1	0.000E+0
9.792E+1	3.837E+0	1.997E-1	0.000E+0
9.805E+1	3.838E+0	1.991E-1	0.000E+0
9.817E+1	3.838E+0	2.020E-1	0.000E+0
9.830E+1	3.839E+0	1.958E-1	0.000E+0
9.843E+1	3.868E+0	1.624E-1	0.000E+0
9.855E+1	3.882E+0	1.611E-1	0.000E+0
9.870E+1	3.884E+0	1.607E-1	0.000E+0
9.889E+1	3.884E+0	1.604E-1	0.000E+0
9.902E+1	3.884E+0	1.602E-1	0.000E+0
9.915E+1	3.885E+0	1.601E-1	0.000E+0
9.927E+1	3.884E+0	1.605E-1	0.000E+0
9.940E+1	3.886E+0	1.594E-1	0.000E+0
9.952E+1	3.887E+0	1.594E-1	0.000E+0
9.965E+1	3.885E+0	1.585E-1	0.000E+0
9.980E+1	3.916E+0	1.615E-1	0.000E+0
1.000E+2	3.918E+0	1.622E-1	0.000E+0
1.001E+2	3.918E+0	1.619E-1	0.000E+0
1.002E+2	3.918E+0	1.617E-1	0.000E+0
1.004E+2	3.919E+0	1.620E-1	0.000E+0
1.005E+2	3.920E+0	1.625E-1	0.000E+0
1.006E+2	3.922E+0	1.632E-1	0.000E+0
1.008E+2	3.924E+0	1.732E-1	0.000E+0
1.013E+2	3.952E+0	1.892E-1	0.000E+0
1.014E+2	3.953E+0	1.898E-1	0.000E+0
1.015E+2	3.952E+0	1.893E-1	0.000E+0
1.017E+2	3.954E+0	1.895E-1	0.000E+0
1.018E+2	3.954E+0	1.899E-1	0.000E+0
1.020E+2	3.954E+0	1.906E-1	0.000E+0
1.022E+2	3.955E+0	1.930E-1	0.000E+0
1.023E+2	3.957E+0	1.941E-1	0.000E+0
1.024E+2	3.957E+0	1.934E-1	0.000E+0
1.026E+2	3.957E+0	1.944E-1	0.000E+0
1.027E+2	3.958E+0	1.942E-1	0.000E+0
1.028E+2	3.958E+0	1.942E-1	0.000E+0
1.030E+2	3.957E+0	1.940E-1	0.000E+0
1.031E+2	3.958E+0	1.947E-1	0.000E+0
1.033E+2	3.957E+0	1.954E-1	0.000E+0
1.034E+2	3.958E+0	1.957E-1	0.000E+0
1.035E+2	3.958E+0	1.963E-1	0.000E+0
1.037E+2	3.960E+0	1.968E-1	0.000E+0
1.038E+2	3.960E+0	1.971E-1	0.000E+0
1.039E+2	3.960E+0	1.976E-1	0.000E+0
1.041E+2	3.961E+0	1.985E-1	0.000E+0
1.042E+2	3.973E+0	2.376E-1	0.000E+0
1.044E+2	3.986E+0	2.425E-1	0.000E+0
1.045E+2	3.988E+0	2.431E-1	0.000E+0
1.047E+2	3.989E+0	2.436E-1	0.000E+0
1.048E+2	3.989E+0	2.446E-1	0.000E+0
1.049E+2	3.989E+0	2.436E-1	0.000E+0
1.050E+2	3.989E+0	2.428E-1	0.000E+0
1.052E+2	3.988E+0	2.434E-1	0.000E+0
1.053E+2	3.989E+0	2.433E-1	0.000E+0
1.055E+2	3.989E+0	2.435E-1	0.000E+0
1.056E+2	3.989E+0	2.447E-1	0.000E+0
1.058E+2	3.989E+0	2.443E-1	0.000E+0
1.059E+2	3.989E+0	2.432E-1	0.000E+0
1.060E+2	3.988E+0	2.435E-1	0.000E+0
1.061E+2	3.989E+0	2.434E-1	0.000E+0
1.063E+2	3.989E+0	2.434E-1	0.000E+0
1.068E+2	4.006E+0	2.988E-1	0.000E+0
1.069E+2	4.014E+0	3.006E-1	0.000E+0
1.070E+2	4.015E+0	3.131E-1	0.000E+0
1.072E+2	4.037E+0	3.826E-1	0.000E+0
1.073E+2	4.044E+0	3.896E-1	0.000E+0
1.075E+2	4.047E+0	4.009E-1	0.000E+0
1.077E+2	4.050E+0	4.058E-1	0.000E+0
1.078E+2	4.051E+0	4.074E-1	0.000E+0
1.080E+2	4.049E+0	4.508E-1	0.000E+0
1.081E+2	4.068E+0	4.699E-1	0.000E+0
1.082E+2	4.071E+0	4.756E-1	0.000E+0
1.083E+2	4.072E+0	4.774E-1	0.000E+0
1.085E+2	4.072E+0	4.754E-1	0.000E+0
1.086E+2	4.072E+0	4.777E-1	0.000E+0
1.088E+2	4.072E+0	4.710E-1	0.000E+0
1.089E+2	4.070E+0	4.791E-1	0.000E+0
1.091E+2	4.073E+0	4.873E-1	0.000E+0
1.092E+2	4.075E+0	4.884E-1	0.000E+0
1.093E+2	4.077E+0	4.938E-1	0.000E+0
1.094E+2	4.077E+0	4.981E-1	0.000E+0
1.096E+2	4.091E+0	5.942E-1	0.000E+0
1.097E+2	4.111E+0	6.087E-1	0.000E+0
1.099E+2	4.112E+0	6.080E-1	0.000E+0
1.100E+2	4.113E+0	6.106E-1	0.000E+0
1.102E+2	4.113E+0	6.100E-1	0.000E+0
1.103E+2	4.118E+0	6.350E-1	0.000E+0
1.104E+2	4.133E+0	6.651E-1	0.000E+0
1.105E+2	4.135E+0	6.683E-1	0.000E+0
1.107E+2	4.136E+0	6.688E-1	0.000E+0
1.108E+2	4.137E+0	6.763E-1	0.000E+0
1.110E+2	4.142E+0	7.041E-1	0.000E+0
1.111E+2	4.161E+0	7.129E-1	0.000E+0
1.113E+2	4.164E+0	7.141E-1	0.000E+0
1.114E+2	4.165E+0	7.145E-1	0.000E+0
1.115E+2	4.166E+0	7.149E-1	0.000E+0
1.116E+2	4.167E+0	7.218E-1	0.000E+0
1.118E+2	4.179E+0	7.221E-1	0.000E+0
1.123E+2	4.181E+0	7.205E-1	0.000E+0
1.124E+2	4.181E+0	7.203E-1	0.000E+0
1.125E+2	4.190E+0	7.173E-1	0.000E+0
1.127E+2	4.195E+0	7.141E-1	0.000E+0
1.128E+2	4.199E+0	7.113E-1	0.000E+0
1.130E+2	4.203E+0	7.079E-1	0.000E+0
1.132E+2	4.204E+0	7.064E-1	0.000E+0
1.133E+2	4.205E+0	7.061E-1	0.000E+0
1.135E+2	4.205E+0	7.055E-1	0.000E+0
1.136E+2	4.206E+0	7.053E-1	0.000E+0
1.137E+2	4.206E+0	7.053E-1	0.000E+0
1.138E+2	4.206E+0	7.055E-1	0.000E+0
1.140E+2	4.206E+0	7.053E-1	0.000E+0
1.141E+2	4.206E+0	7.085E-1	0.000E+0
1.143E+2	4.208E+0	7.013E-1	0.000E+0
1.144E+2	4.211E+0	6.979E-1	0.000E+0
1.146E+2	4.213E+0	6.963E-1	0.000E+0
1.147E+2	4.213E+0	6.992E-1	0.000E+0
1.148E+2	4.216E+0	6.859E-1	0.000E+0
1.149E+2	4.225E+0	6.691E-1	0.000E+0
1.151E+2	4.231E+0	6.668E-1	0.000E+0
1.152E+2	4.245E+0	6.264E-1	0.000E+0
1.154E+2	4.250E+0	6.226E-1	0.000E+0
1.155E+2	4.252E+0	6.177E-1	0.000E+0
1.157E+2	4.254E+0	6.125E-1	0.000E+0
1.158E+2	4.255E+0	6.114E-1	0.000E+0
1.159E+2	4.255E+0	6.101E-1	0.000E+0
1.160E+2	4.255E+0	6.108E-1	0.000E+0
1.162E+2	4.256E+0	6.114E-1	0.000E+0
1.163E+2	4.261E+0	5.878E-1	0.000E+0
1.165E+2	4.265E+0	5.771E-1	0.000E+0
1.166E+2	4.270E+0	5.745E-1	0.000E+0
1.168E+2	4.270E+0	5.711E-1	0.000E+0
1.169E+2	4.272E+0	5.687E-1	0.000E+0
1.170E+2	4.278E+0	5.487E-1	0.000E+0
1.171E+2	4.293E+0	4.734E-1	0.000E+0
1.173E+2	4.309E+0	4.604E-1	0.000E+0
1.178E+2	4.315E+0	4.493E-1	0.000E+0
1.179E+2	4.315E+0	4.500E-1	0.000E+0
1.180E+2	4.314E+0	4.551E-1	0.000E+0
1.182E+2	4.312E+0	4.570E-1	0.000E+0
1.183E+2	4.313E+0	4.536E-1	0.000E+0
1.185E+2	4.313E+0	4.515E-1	0.000E+0
1.187E+2	4.316E+0	4.452E-1	0.000E+0
1.188E+2	4.318E+0	4.608E-1	0.000E+0
1.190E+2	4.342E+0	3.812E-1	0.000E+0
1.191E+2	4.348E+0	3.709E-1	0.000E+0
1.192E+2	4.352E+0	3.698E-1	0.000E+0
1.193E+2	4.352E+0	3.670E-1	0.000E+0
1.195E+2	4.353E+0	3.667E-1	0.000E+0
1.196E+2	4.353E+0	3.662E-1	0.000E+0
1.198E+2	4.353E+0	3.682E-1	0.000E+0
1.199E+2	4.352E+0	3.655E-1	0.000E+0
1.201E+2	4.354E+0	3.649E-1	0.000E+0
1.202E+2	4.354E+0	3.652E-1	0.000E+0
1.203E+2	4.354E+0	3.617E-1	0.000E+0
1.204E+2	4.357E+0	3.589E-1	0.000E+0
1.206E+2	4.358E+0	3.551E-1	0.000E+0
1.207E+2	4.363E+0	3.474E-1	0.000E+0
1.209E+2	4.367E+0	3.348E-1	0.000E+0
1.210E+2	4.379E+0	3.258E-1	0.000E+0
1.212E+2	4.394E+0	3.140E-1	0.000E+0
1.213E+2	4.400E+0	3.126E-1	0.000E+0
1.214E+2	4.409E+0	3.105E-1	0.000E+0
1.215E+2	4.414E+0	3.107E-1	0.000E+0
1.217E+2	4.418E+0	3.110E-1	0.000E+0
1.218E+2	4.420E+0	3.111E-1	0.000E+0
1.220E+2	4.419E+0	3.116E-1	0.000E+0
1.221E+2	4.423E+0	3.117E-1	0.000E+0
1.223E+2	4.424E+0	3.117E-1	0.000E+0
1.224E+2	4.426E+0	3.121E-1	0.000E+0
1.225E+2	4.426E+0	3.117E-1	0.000E+0
1.226E+2	4.425E+0	3.118E-1	0.000E+0
1.228E+2	4.426E+0	3.099E-1	0.000E+0
1.233E+2	4.432E+0	3.196E-1	0.000E+0
1.234E+2	4.435E+0	3.327E-1	0.000E+0
1.235E+2	4.456E+0	3.435E-1	0.000E+0
1.237E+2	4.459E+0	3.487E-1	0.000E+0
1.238E+2	4.464E+0	3.591E-1	0.000E+0
1.240E+2	4.470E+0	3.697E-1	0.000E+0
1.242E+2	4.474E+0	3.842E-1	0.000E+0
1.243E+2	4.486E+0	4.105E-1	0.000E+0
1.245E+2	4.492E+0	4.143E-1	0.000E+0
1.246E+2	4.492E+0	4.289E-1	0.000E+0
1.247E+2	4.505E+0	4.734E-1	0.000E+0
1.248E+2	4.518E+0	5.118E-1	0.000E+0
1.250E+2	4.523E+0	5.203E-1	0.000E+0
1.251E+2	4.524E+0	5.550E-1	0.000E+0
1.253E+2	4.534E+0	5.807E-1	0.000E+0
1.254E+2	4.558E+0	6.967E-1	0.000E+0
1.256E+2	4.566E+0	7.090E-1	0.000E+0
1.257E+2	4.567E+0	7.147E-1	0.000E+0
1.258E+2	4.567E+0	7.183E-1	0.000E+0
1.259E+2	4.568E+0	7.123E-1	0.000E+0
1.261E+2	4.567E+0	7.104E-1	0.000E+0
1.262E+2	4.568E+0	7.121E-1	0.000E+0
1.264E+2	4.568E+0	7.172E-1	0.000E+0
1.265E+2	4.569E+0	7.084E-1	0.000E+0
1.267E+2	4.570E+0	7.404E-1	0.000E+0
1.268E+2	4.574E+0	7.480E-1	0.000E+0
1.269E+2	4.573E+0	7.823E-1	0.000E+0
1.270E+2	4.585E+0	8.207E-1	0.000E+0
1.272E+2	4.593E+0	8.497E-1	0.000E+0
1.273E+2	4.600E+0	9.338E-1	0.000E+0
1.275E+2	4.616E+0	9.948E-1	0.000E+0
1.276E+2	4.623E+0	1.011E+0	0.000E+0
1.278E+2	4.622E+0	1.025E+0	0.000E+0
1.279E+2	4.627E+0	1.028E+0	0.000E+0
1.280E+2	4.628E+0	1.033E+0	0.000E+0
1.281E+2	4.629E+0	1.039E+0	0.000E+0
1.283E+2	4.630E+0	1.040E+0	0.000E+0
1.288E+2	4.630E+0	1.041E+0	0.000E+0
1.289E+2	4.630E+0	1.044E+0	0.000E+0
1.291E+2	4.631E+0	1.051E+0	0.000E+0
1.292E+2	4.631E+0	1.048E+0	0.000E+0
1.293E+2	4.632E+0	1.049E+0	0.000E+0
1.295E+2	4.632E+0	1.053E+0	0.000E+0
1.297E+2	4.632E+0	1.113E+0	0.000E+0
1.298E+2	4.652E+0	1.168E+0	0.000E+0
1.302E+2	4.662E+0	1.270E+0	0.000E+0
1.303E+2	4.698E+0	1.270E+0	0.000E+0
1.304E+2	4.694E+0	1.282E+0	0.000E+0
1.306E+2	4.719E+0	1.284E+0	0.000E+0
1.308E+2	4.721E+0	1.285E+0	0.000E+0
1.309E+2	4.720E+0	1.284E+0	0.000E+0
1.311E+2	4.729E+0	1.281E+0	0.000E+0
1.312E+2	4.740E+0	1.264E+0	0.000E+0
1.313E+2	4.748E+0	1.259E+0	0.000E+0
1.314E+2	4.749E+0	1.259E+0	0.000E+0
1.317E+2	4.750E+0	1.257E+0	0.000E+0
1.318E+2	4.750E+0	1.256E+0	0.000E+0
1.319E+2	4.751E+0	1.248E+0	0.000E+0
1.321E+2	4.770E+0	1.225E+0	0.000E+0
1.322E+2	4.771E+0	1.205E+0	0.000E+0
1.323E+2	4.776E+0	1.209E+0	0.000E+0
1.324E+2	4.780E+0	1.196E+0	0.000E+0
1.326E+2	4.794E+0	1.111E+0	0.000E+0
1.328E+2	4.807E+0	1.100E+0	0.000E+0
1.329E+2	4.804E+0	1.057E+0	0.000E+0
1.332E+2	4.827E+0	9.716E-1	0.000E+0
1.334E+2	4.843E+0	9.663E-1	0.000E+0
1.335E+2	4.844E+0	9.644E-1	0.000E+0
1.336E+2	4.844E+0	9.646E-1	0.000E+0
1.337E+2	4.846E+0	9.099E-1	0.000E+0
1.340E+2	4.871E+0	8.969E-1	0.000E+0
1.343E+2	4.872E+0	1.041E+0	0.000E+0
1.344E+2	4.593E+0	3.299E-1	0.000E+0
1.346E+2	4.211E+0	7.116E-1	0.000E+0
1.347E+2	4.166E+0	7.153E-1	0.000E+0
1.352E+2	4.166E+0	7.227E-1	0.000E+0
1.354E+2	4.168E+0	7.242E-1	0.000E+0
1.355E+2	4.168E+0	7.247E-1	0.000E+0
1.358E+2	4.168E+0	7.250E-1	0.000E+0
1.360E+2	4.168E+0	7.248E-1	0.000E+0
1.361E+2	4.168E+0	7.249E-1	0.000E+0
1.363E+2	4.168E+0	7.245E-1	0.000E+0