% 11/22/14 1:29:56 PM 
 %time(s);  Meter 1;   Meter 2;   none; 
0.000E+0	-3.356E-2	8.702E-1	0.000E+0
1.269E-1	-3.346E-2	8.702E-1	0.000E+0
2.499E-1	-3.354E-2	8.702E-1	0.000E+0
3.749E-1	-3.358E-2	8.702E-1	0.000E+0
5.029E-1	-3.351E-2	8.702E-1	0.000E+0
6.288E-1	-3.351E-2	8.702E-1	0.000E+0
7.799E-1	-3.353E-2	8.702E-1	0.000E+0
9.057E-1	-3.347E-2	8.702E-1	0.000E+0
1.100E+0	-3.341E-2	8.702E-1	0.000E+0
1.227E+0	-3.343E-2	8.702E-1	0.000E+0
1.350E+0	-3.353E-2	8.702E-1	0.000E+0
1.478E+0	-3.348E-2	8.702E-1	0.000E+0
1.601E+0	-3.344E-2	8.702E-1	0.000E+0
1.727E+0	-3.347E-2	8.702E-1	0.000E+0
2.067E+0	-3.357E-2	8.701E-1	0.000E+0
2.388E+0	-3.357E-2	8.699E-1	0.000E+0
2.513E+0	-3.352E-2	8.698E-1	0.000E+0
2.638E+0	-3.348E-2	8.702E-1	0.000E+0
2.763E+0	-3.367E-2	8.702E-1	0.000E+0
2.980E+0	-3.358E-2	8.697E-1	0.000E+0
3.106E+0	-3.369E-2	8.696E-1	0.000E+0
3.301E+0	-3.358E-2	8.693E-1	0.000E+0
3.426E+0	-3.356E-2	8.693E-1	0.000E+0
3.550E+0	-3.352E-2	8.706E-1	0.000E+0
3.675E+0	-3.355E-2	8.720E-1	0.000E+0
3.803E+0	-3.349E-2	8.748E-1	0.000E+0
3.928E+0	-3.362E-2	8.895E-1	0.000E+0
4.082E+0	-3.359E-2	9.071E-1	0.000E+0
4.208E+0	-3.337E-2	9.340E-1	0.000E+0
4.401E+0	-3.351E-2	9.585E-1	0.000E+0
4.527E+0	-3.350E-2	9.632E-1	0.000E+0
4.652E+0	-3.342E-2	9.640E-1	0.000E+0
4.776E+0	-3.337E-2	9.648E-1	0.000E+0
4.901E+0	-3.351E-2	9.676E-1	0.000E+0
5.025E+0	-3.335E-2	9.859E-1	0.000E+0
5.183E+0	-3.285E-2	1.001E+0	0.000E+0
5.308E+0	-3.168E-2	1.005E+0	0.000E+0
5.503E+0	-3.142E-2	1.006E+0	0.000E+0
5.629E+0	-3.132E-2	1.007E+0	0.000E+0
5.755E+0	-3.138E-2	1.007E+0	0.000E+0
5.883E+0	-3.146E-2	1.007E+0	0.000E+0
6.007E+0	-3.118E-2	1.011E+0	0.000E+0
6.134E+0	-2.875E-2	1.031E+0	0.000E+0
6.284E+0	-2.461E-2	1.047E+0	0.000E+0
6.410E+0	-2.293E-2	1.050E+0	0.000E+0
6.603E+0	-2.191E-2	1.054E+0	0.000E+0
6.729E+0	-2.050E-2	1.069E+0	0.000E+0
6.855E+0	-1.660E-2	1.086E+0	0.000E+0
6.981E+0	-1.517E-2	1.090E+0	0.000E+0
7.106E+0	-1.511E-2	1.090E+0	0.000E+0
7.232E+0	-1.499E-2	1.091E+0	0.000E+0
7.571E+0	-1.492E-2	1.092E+0	0.000E+0
7.892E+0	-1.340E-2	1.103E+0	0.000E+0
8.018E+0	-1.287E-2	1.109E+0	0.000E+0
8.145E+0	-1.146E-2	1.116E+0	0.000E+0
8.270E+0	-1.078E-2	1.120E+0	0.000E+0
8.485E+0	-1.023E-2	1.130E+0	0.000E+0
8.610E+0	-8.874E-3	1.136E+0	0.000E+0
8.805E+0	-7.722E-3	1.143E+0	0.000E+0
8.932E+0	-6.858E-3	1.148E+0	0.000E+0
9.059E+0	-6.647E-3	1.149E+0	0.000E+0
9.185E+0	-6.431E-3	1.150E+0	0.000E+0
9.310E+0	-6.433E-3	1.151E+0	0.000E+0
9.436E+0	-6.335E-3	1.153E+0	0.000E+0
9.586E+0	-5.764E-3	1.159E+0	0.000E+0
9.712E+0	-5.152E-3	1.164E+0	0.000E+0
9.905E+0	-3.214E-3	1.182E+0	0.000E+0
1.003E+1	-2.112E-3	1.194E+0	0.000E+0
1.037E+1	-1.152E-3	1.208E+0	0.000E+0
1.050E+1	1.044E-4	1.214E+0	0.000E+0
1.069E+1	4.028E-4	1.217E+0	0.000E+0
1.081E+1	6.203E-4	1.218E+0	0.000E+0
1.101E+1	6.678E-4	1.222E+0	0.000E+0
1.113E+1	1.329E-3	1.229E+0	0.000E+0
1.126E+1	2.234E-3	1.244E+0	0.000E+0
1.138E+1	3.227E-3	1.257E+0	0.000E+0
1.151E+1	4.073E-3	1.265E+0	0.000E+0
1.164E+1	4.345E-3	1.267E+0	0.000E+0
1.179E+1	4.522E-3	1.268E+0	0.000E+0
1.191E+1	4.611E-3	1.271E+0	0.000E+0
1.211E+1	5.116E-3	1.284E+0	0.000E+0
1.223E+1	5.848E-3	1.293E+0	0.000E+0
1.236E+1	6.467E-3	1.305E+0	0.000E+0
1.248E+1	7.405E-3	1.314E+0	0.000E+0
1.261E+1	7.826E-3	1.318E+0	0.000E+0
1.273E+1	7.807E-3	1.320E+0	0.000E+0
1.307E+1	8.122E-3	1.327E+0	0.000E+0
1.340E+1	8.882E-3	1.340E+0	0.000E+0
1.352E+1	9.258E-3	1.349E+0	0.000E+0
1.365E+1	1.008E-2	1.363E+0	0.000E+0
1.377E+1	1.048E-2	1.366E+0	0.000E+0
1.399E+1	1.058E-2	1.368E+0	0.000E+0
1.412E+1	1.094E-2	1.371E+0	0.000E+0
1.426E+1	1.128E-2	1.376E+0	0.000E+0
1.439E+1	1.129E-2	1.381E+0	0.000E+0
1.451E+1	1.154E-2	1.386E+0	0.000E+0
1.464E+1	1.203E-2	1.395E+0	0.000E+0
1.477E+1	1.231E-2	1.401E+0	0.000E+0
1.489E+1	1.267E-2	1.404E+0	0.000E+0
1.509E+1	1.257E-2	1.404E+0	0.000E+0
1.521E+1	1.261E-2	1.404E+0	0.000E+0
1.541E+1	1.270E-2	1.406E+0	0.000E+0
1.553E+1	1.271E-2	1.410E+0	0.000E+0
1.566E+1	1.344E-2	1.421E+0	0.000E+0
1.579E+1	1.368E-2	1.423E+0	0.000E+0
1.591E+1	1.365E-2	1.424E+0	0.000E+0
1.604E+1	1.368E-2	1.425E+0	0.000E+0
1.619E+1	1.383E-2	1.430E+0	0.000E+0
1.632E+1	1.432E-2	1.437E+0	0.000E+0
1.651E+1	1.484E-2	1.447E+0	0.000E+0
1.664E+1	1.516E-2	1.451E+0	0.000E+0
1.676E+1	1.541E-2	1.453E+0	0.000E+0
1.689E+1	1.553E-2	1.463E+0	0.000E+0
1.701E+1	1.689E-2	1.482E+0	0.000E+0
1.714E+1	1.699E-2	1.482E+0	0.000E+0
1.729E+1	1.700E-2	1.484E+0	0.000E+0
1.742E+1	1.708E-2	1.487E+0	0.000E+0
1.761E+1	1.797E-2	1.511E+0	0.000E+0
1.774E+1	1.885E-2	1.524E+0	0.000E+0
1.786E+1	1.972E-2	1.534E+0	0.000E+0
1.799E+1	1.975E-2	1.536E+0	0.000E+0
1.811E+1	1.980E-2	1.536E+0	0.000E+0
1.824E+1	1.974E-2	1.537E+0	0.000E+0
1.858E+1	1.978E-2	1.542E+0	0.000E+0
1.890E+1	2.079E-2	1.559E+0	0.000E+0
1.902E+1	2.112E-2	1.567E+0	0.000E+0
1.915E+1	2.159E-2	1.578E+0	0.000E+0
1.928E+1	2.243E-2	1.595E+0	0.000E+0
1.949E+1	2.267E-2	1.597E+0	0.000E+0
1.962E+1	2.265E-2	1.597E+0	0.000E+0
1.981E+1	2.278E-2	1.598E+0	0.000E+0
1.994E+1	2.274E-2	1.598E+0	0.000E+0
2.006E+1	2.324E-2	1.616E+0	0.000E+0
2.019E+1	2.396E-2	1.625E+0	0.000E+0
2.031E+1	2.414E-2	1.626E+0	0.000E+0
2.044E+1	2.416E-2	1.628E+0	0.000E+0
2.059E+1	2.429E-2	1.635E+0	0.000E+0
2.072E+1	2.453E-2	1.637E+0	0.000E+0
2.091E+1	2.507E-2	1.650E+0	0.000E+0
2.104E+1	2.525E-2	1.654E+0	0.000E+0
2.116E+1	2.537E-2	1.661E+0	0.000E+0
2.129E+1	2.586E-2	1.670E+0	0.000E+0
2.142E+1	2.629E-2	1.678E+0	0.000E+0
2.154E+1	2.664E-2	1.685E+0	0.000E+0
2.169E+1	2.693E-2	1.694E+0	0.000E+0
2.182E+1	2.714E-2	1.696E+0	0.000E+0
2.201E+1	2.717E-2	1.697E+0	0.000E+0
2.214E+1	2.727E-2	1.697E+0	0.000E+0
2.226E+1	2.734E-2	1.703E+0	0.000E+0
2.239E+1	2.747E-2	1.705E+0	0.000E+0
2.251E+1	2.774E-2	1.709E+0	0.000E+0
2.264E+1	2.782E-2	1.712E+0	0.000E+0
2.279E+1	2.807E-2	1.721E+0	0.000E+0
2.292E+1	2.855E-2	1.723E+0	0.000E+0
2.311E+1	2.859E-2	1.724E+0	0.000E+0
2.324E+1	2.881E-2	1.731E+0	0.000E+0
2.336E+1	2.917E-2	1.739E+0	0.000E+0
2.349E+1	2.936E-2	1.747E+0	0.000E+0
2.362E+1	2.997E-2	1.756E+0	0.000E+0
2.374E+1	3.013E-2	1.757E+0	0.000E+0
2.408E+1	3.007E-2	1.761E+0	0.000E+0
2.440E+1	3.094E-2	1.771E+0	0.000E+0
2.453E+1	3.105E-2	1.773E+0	0.000E+0
2.465E+1	3.110E-2	1.776E+0	0.000E+0
2.478E+1	3.141E-2	1.785E+0	0.000E+0
2.500E+1	3.183E-2	1.796E+0	0.000E+0
2.512E+1	3.226E-2	1.797E+0	0.000E+0
2.532E+1	3.243E-2	1.797E+0	0.000E+0
2.544E+1	3.247E-2	1.797E+0	0.000E+0
2.557E+1	3.280E-2	1.804E+0	0.000E+0
2.569E+1	3.316E-2	1.809E+0	0.000E+0
2.582E+1	3.343E-2	1.809E+0	0.000E+0
2.594E+1	3.358E-2	1.810E+0	0.000E+0
2.610E+1	3.392E-2	1.813E+0	0.000E+0
2.622E+1	3.415E-2	1.817E+0	0.000E+0
2.642E+1	3.497E-2	1.827E+0	0.000E+0
2.654E+1	3.551E-2	1.829E+0	0.000E+0
2.667E+1	3.621E-2	1.831E+0	0.000E+0
2.680E+1	3.697E-2	1.835E+0	0.000E+0
2.692E+1	3.785E-2	1.839E+0	0.000E+0
2.705E+1	3.902E-2	1.844E+0	0.000E+0
2.720E+1	4.054E-2	1.847E+0	0.000E+0
2.732E+1	4.243E-2	1.848E+0	0.000E+0
2.752E+1	4.437E-2	1.851E+0	0.000E+0
2.764E+1	4.512E-2	1.852E+0	0.000E+0
2.777E+1	4.582E-2	1.853E+0	0.000E+0
2.790E+1	4.633E-2	1.855E+0	0.000E+0
2.802E+1	4.704E-2	1.862E+0	0.000E+0
2.815E+1	4.766E-2	1.866E+0	0.000E+0
2.830E+1	4.827E-2	1.870E+0	0.000E+0
2.843E+1	4.902E-2	1.874E+0	0.000E+0
2.862E+1	4.973E-2	1.879E+0	0.000E+0
2.874E+1	5.002E-2	1.881E+0	0.000E+0
2.887E+1	5.042E-2	1.884E+0	0.000E+0
2.899E+1	5.067E-2	1.890E+0	0.000E+0
2.912E+1	5.067E-2	1.893E+0	0.000E+0
2.925E+1	5.083E-2	1.897E+0	0.000E+0
2.958E+1	5.084E-2	1.905E+0	0.000E+0
2.991E+1	5.113E-2	1.911E+0	0.000E+0
3.003E+1	5.117E-2	1.911E+0	0.000E+0
3.016E+1	5.125E-2	1.911E+0	0.000E+0
3.028E+1	5.131E-2	1.916E+0	0.000E+0
3.050E+1	5.100E-2	1.926E+0	0.000E+0
3.063E+1	5.066E-2	1.930E+0	0.000E+0
3.082E+1	4.993E-2	1.945E+0	0.000E+0
3.094E+1	4.944E-2	1.952E+0	0.000E+0
3.107E+1	4.868E-2	1.959E+0	0.000E+0
3.120E+1	4.858E-2	1.960E+0	0.000E+0
3.132E+1	4.852E-2	1.960E+0	0.000E+0
3.145E+1	4.844E-2	1.962E+0	0.000E+0
3.160E+1	4.801E-2	1.973E+0	0.000E+0
3.173E+1	4.710E-2	1.975E+0	0.000E+0
3.192E+1	4.672E-2	1.988E+0	0.000E+0
3.205E+1	4.524E-2	1.992E+0	0.000E+0
3.217E+1	4.513E-2	1.993E+0	0.000E+0
3.230E+1	4.504E-2	1.993E+0	0.000E+0
3.242E+1	4.495E-2	1.993E+0	0.000E+0
3.255E+1	4.497E-2	1.995E+0	0.000E+0
3.270E+1	4.403E-2	2.005E+0	0.000E+0
3.283E+1	4.314E-2	2.009E+0	0.000E+0
3.302E+1	4.127E-2	2.032E+0	0.000E+0
3.315E+1	3.861E-2	2.038E+0	0.000E+0
3.327E+1	3.834E-2	2.038E+0	0.000E+0
3.340E+1	3.847E-2	2.040E+0	0.000E+0
3.353E+1	3.780E-2	2.042E+0	0.000E+0
3.365E+1	3.777E-2	2.043E+0	0.000E+0
3.380E+1	3.760E-2	2.054E+0	0.000E+0
3.393E+1	3.398E-2	2.067E+0	0.000E+0
3.412E+1	3.346E-2	2.068E+0	0.000E+0
3.425E+1	3.327E-2	2.068E+0	0.000E+0
3.437E+1	3.339E-2	2.074E+0	0.000E+0
3.450E+1	3.122E-2	2.082E+0	0.000E+0
3.463E+1	3.085E-2	2.083E+0	0.000E+0
3.475E+1	3.059E-2	2.084E+0	0.000E+0
3.509E+1	3.044E-2	2.085E+0	0.000E+0
3.541E+1	2.871E-2	2.099E+0	0.000E+0
3.553E+1	2.703E-2	2.107E+0	0.000E+0
3.566E+1	2.571E-2	2.111E+0	0.000E+0
3.579E+1	2.523E-2	2.112E+0	0.000E+0
3.591E+1	2.307E-2	2.116E+0	0.000E+0
3.604E+1	2.275E-2	2.125E+0	0.000E+0
3.616E+1	2.255E-2	2.126E+0	0.000E+0
3.632E+1	1.996E-2	2.143E+0	0.000E+0
3.645E+1	1.911E-2	2.144E+0	0.000E+0
3.658E+1	1.895E-2	2.144E+0	0.000E+0
3.670E+1	1.872E-2	2.146E+0	0.000E+0
3.683E+1	1.842E-2	2.148E+0	0.000E+0
3.695E+1	1.814E-2	2.149E+0	0.000E+0
3.710E+1	1.782E-2	2.153E+0	0.000E+0
3.723E+1	1.677E-2	2.158E+0	0.000E+0
3.742E+1	1.446E-2	2.168E+0	0.000E+0
3.755E+1	1.389E-2	2.171E+0	0.000E+0
3.768E+1	1.267E-2	2.178E+0	0.000E+0
3.780E+1	1.198E-2	2.182E+0	0.000E+0
3.792E+1	1.103E-2	2.192E+0	0.000E+0
3.805E+1	9.085E-3	2.201E+0	0.000E+0
3.821E+1	7.925E-3	2.206E+0	0.000E+0
3.833E+1	7.019E-3	2.206E+0	0.000E+0
3.854E+1	6.895E-3	2.208E+0	0.000E+0
3.866E+1	6.930E-3	2.208E+0	0.000E+0
3.879E+1	6.785E-3	2.207E+0	0.000E+0
3.892E+1	6.309E-3	2.214E+0	0.000E+0
3.904E+1	5.342E-3	2.220E+0	0.000E+0
3.917E+1	4.116E-3	2.226E+0	0.000E+0
3.931E+1	3.114E-3	2.231E+0	0.000E+0
3.944E+1	2.539E-3	2.231E+0	0.000E+0
3.962E+1	1.801E-3	2.236E+0	0.000E+0
3.975E+1	1.094E-3	2.245E+0	0.000E+0
3.987E+1	8.884E-5	2.247E+0	0.000E+0
4.000E+1	-1.258E-4	2.247E+0	0.000E+0
4.013E+1	-9.835E-5	2.247E+0	0.000E+0
4.025E+1	-1.423E-4	2.248E+0	0.000E+0
4.059E+1	-4.148E-4	2.258E+0	0.000E+0
4.091E+1	-3.053E-3	2.264E+0	0.000E+0
4.104E+1	-4.092E-3	2.276E+0	0.000E+0
4.116E+1	-5.257E-3	2.278E+0	0.000E+0
4.129E+1	-5.891E-3	2.283E+0	0.000E+0
4.151E+1	-6.747E-3	2.291E+0	0.000E+0
4.163E+1	-7.850E-3	2.292E+0	0.000E+0
5.177E+1	NaN	2.635E+0	0.000E+0
5.191E+1	-4.910E-2	2.640E+0	0.000E+0
5.204E+1	-4.913E-2	2.642E+0	0.000E+0
5.217E+1	-4.927E-2	2.645E+0	0.000E+0
5.229E+1	-4.952E-2	2.646E+0	0.000E+0
5.251E+1	-4.958E-2	2.647E+0	0.000E+0
5.263E+1	-4.953E-2	2.648E+0	0.000E+0
5.283E+1	-4.962E-2	2.647E+0	0.000E+0
5.295E+1	-4.941E-2	2.647E+0	0.000E+0
5.308E+1	-4.988E-2	2.649E+0	0.000E+0
5.321E+1	-5.009E-2	2.660E+0	0.000E+0
5.333E+1	-5.047E-2	2.663E+0	0.000E+0
5.346E+1	-5.051E-2	2.668E+0	0.000E+0
5.361E+1	-5.055E-2	2.673E+0	0.000E+0
5.373E+1	-5.063E-2	2.678E+0	0.000E+0
5.393E+1	-5.061E-2	2.690E+0	0.000E+0
5.406E+1	-5.031E-2	2.694E+0	0.000E+0
5.418E+1	-4.946E-2	2.702E+0	0.000E+0
5.431E+1	-4.876E-2	2.703E+0	0.000E+0
5.443E+1	-4.886E-2	2.704E+0	0.000E+0
5.456E+1	-4.859E-2	2.704E+0	0.000E+0
5.471E+1	-4.865E-2	2.705E+0	0.000E+0
5.484E+1	-4.849E-2	2.705E+0	0.000E+0
5.503E+1	-4.857E-2	2.705E+0	0.000E+0
5.515E+1	-4.731E-2	2.714E+0	0.000E+0
5.528E+1	-4.609E-2	2.717E+0	0.000E+0
5.541E+1	-4.522E-2	2.719E+0	0.000E+0
5.553E+1	-4.465E-2	2.721E+0	0.000E+0
5.566E+1	-4.431E-2	2.723E+0	0.000E+0
5.581E+1	-4.379E-2	2.733E+0	0.000E+0
5.594E+1	-3.862E-2	2.741E+0	0.000E+0
5.613E+1	-3.619E-2	2.747E+0	0.000E+0
5.626E+1	-3.491E-2	2.750E+0	0.000E+0
5.638E+1	-3.396E-2	2.751E+0	0.000E+0
5.651E+1	-3.352E-2	2.752E+0	0.000E+0
5.663E+1	-3.332E-2	2.752E+0	0.000E+0
5.676E+1	-3.331E-2	2.752E+0	0.000E+0
5.710E+1	-3.293E-2	2.753E+0	0.000E+0
5.742E+1	-2.681E-2	2.772E+0	0.000E+0
5.754E+1	-2.587E-2	2.773E+0	0.000E+0
5.767E+1	-2.538E-2	2.777E+0	0.000E+0
5.780E+1	-2.456E-2	2.780E+0	0.000E+0
5.801E+1	-1.367E-2	2.835E+0	0.000E+0
5.814E+1	-8.160E-3	2.835E+0	0.000E+0
5.833E+1	-8.016E-3	2.836E+0	0.000E+0
5.846E+1	-7.925E-3	2.836E+0	0.000E+0
5.858E+1	-7.742E-3	2.836E+0	0.000E+0
5.871E+1	-7.735E-3	2.837E+0	0.000E+0
5.884E+1	-7.587E-3	2.843E+0	0.000E+0
5.896E+1	1.645E-3	2.879E+0	0.000E+0
5.911E+1	1.846E-3	2.879E+0	0.000E+0
5.924E+1	1.915E-3	2.880E+0	0.000E+0
5.943E+1	1.260E-2	2.985E+0	0.000E+0
5.956E+1	3.764E-2	3.015E+0	0.000E+0
5.968E+1	3.975E-2	3.027E+0	0.000E+0
5.981E+1	4.556E-2	3.048E+0	0.000E+0
5.994E+1	5.040E-2	3.059E+0	0.000E+0
6.006E+1	5.110E-2	3.060E+0	0.000E+0
6.021E+1	5.125E-2	3.061E+0	0.000E+0
6.034E+1	5.148E-2	3.062E+0	0.000E+0
6.053E+1	5.158E-2	3.062E+0	0.000E+0
6.066E+1	5.160E-2	3.062E+0	0.000E+0
6.079E+1	5.134E-2	3.061E+0	0.000E+0
6.091E+1	5.147E-2	3.060E+0	0.000E+0
6.104E+1	5.318E-2	3.071E+0	0.000E+0
6.116E+1	5.430E-2	3.095E+0	0.000E+0
6.131E+1	6.071E-2	3.097E+0	0.000E+0
6.144E+1	6.109E-2	3.098E+0	0.000E+0
6.163E+1	6.120E-2	3.098E+0	0.000E+0
6.176E+1	6.114E-2	3.098E+0	0.000E+0
6.189E+1	6.120E-2	3.098E+0	0.000E+0
6.201E+1	6.133E-2	3.097E+0	0.000E+0
6.214E+1	6.116E-2	3.098E+0	0.000E+0
6.226E+1	6.123E-2	3.099E+0	0.000E+0
6.260E+1	6.111E-2	3.128E+0	0.000E+0
6.292E+1	7.380E-2	3.147E+0	0.000E+0
6.305E+1	7.402E-2	3.148E+0	0.000E+0
6.317E+1	7.421E-2	3.148E+0	0.000E+0
6.330E+1	7.423E-2	3.148E+0	0.000E+0
6.352E+1	7.428E-2	3.150E+0	0.000E+0
6.364E+1	7.550E-2	3.158E+0	0.000E+0
6.383E+1	7.991E-2	3.173E+0	0.000E+0
6.396E+1	8.569E-2	3.202E+0	0.000E+0
6.409E+1	8.846E-2	3.206E+0	0.000E+0
6.421E+1	8.899E-2	3.206E+0	0.000E+0
6.434E+1	8.920E-2	3.207E+0	0.000E+0
6.447E+1	8.928E-2	3.207E+0	0.000E+0
6.462E+1	8.931E-2	3.208E+0	0.000E+0
6.474E+1	8.941E-2	3.208E+0	0.000E+0
6.494E+1	8.953E-2	3.208E+0	0.000E+0
6.506E+1	8.959E-2	3.208E+0	0.000E+0
6.519E+1	8.928E-2	3.208E+0	0.000E+0
6.531E+1	8.946E-2	3.209E+0	0.000E+0
6.544E+1	8.963E-2	3.209E+0	0.000E+0
6.557E+1	8.930E-2	3.222E+0	0.000E+0
6.572E+1	9.576E-2	3.237E+0	0.000E+0
6.584E+1	9.705E-2	3.240E+0	0.000E+0
6.604E+1	9.770E-2	3.241E+0	0.000E+0
6.616E+1	9.801E-2	3.242E+0	0.000E+0
6.629E+1	9.794E-2	3.242E+0	0.000E+0
6.641E+1	9.795E-2	3.242E+0	0.000E+0
6.654E+1	9.790E-2	3.243E+0	0.000E+0
6.666E+1	9.862E-2	3.244E+0	0.000E+0
6.682E+1	9.955E-2	3.258E+0	0.000E+0
6.694E+1	1.057E-1	3.276E+0	0.000E+0
6.714E+1	1.068E-1	3.277E+0	0.000E+0
6.726E+1	1.070E-1	3.278E+0	0.000E+0
6.739E+1	1.075E-1	3.281E+0	0.000E+0
6.751E+1	1.092E-1	3.293E+0	0.000E+0
6.764E+1	1.119E-1	3.299E+0	0.000E+0
6.776E+1	1.124E-1	3.300E+0	0.000E+0
6.811E+1	1.126E-1	3.301E+0	0.000E+0
6.842E+1	1.128E-1	3.301E+0	0.000E+0
6.855E+1	1.130E-1	3.305E+0	0.000E+0
6.868E+1	1.140E-1	3.312E+0	0.000E+0
6.880E+1	1.160E-1	3.319E+0	0.000E+0
6.902E+1	1.189E-1	3.332E+0	0.000E+0
6.934E+1	1.202E-1	3.332E+0	0.000E+0
6.948E+1	1.202E-1	3.333E+0	0.000E+0
6.961E+1	1.206E-1	3.334E+0	0.000E+0
6.974E+1	1.206E-1	3.334E+0	0.000E+0
6.986E+1	1.208E-1	3.334E+0	0.000E+0
6.999E+1	1.205E-1	3.334E+0	0.000E+0
7.013E+1	1.207E-1	3.333E+0	0.000E+0
7.026E+1	1.206E-1	3.334E+0	0.000E+0
7.044E+1	1.207E-1	3.334E+0	0.000E+0
7.056E+1	1.207E-1	3.333E+0	0.000E+0
7.069E+1	1.205E-1	3.333E+0	0.000E+0
7.081E+1	1.202E-1	3.335E+0	0.000E+0
7.094E+1	1.219E-1	3.341E+0	0.000E+0
7.107E+1	1.234E-1	3.348E+0	0.000E+0
7.122E+1	1.264E-1	3.360E+0	0.000E+0
7.135E+1	1.272E-1	3.361E+0	0.000E+0
7.155E+1	1.276E-1	3.361E+0	0.000E+0
7.168E+1	1.277E-1	3.362E+0	0.000E+0
7.181E+1	1.276E-1	3.362E+0	0.000E+0
7.194E+1	1.277E-1	3.362E+0	0.000E+0
7.206E+1	1.278E-1	3.362E+0	0.000E+0
7.219E+1	1.279E-1	3.362E+0	0.000E+0
7.233E+1	1.278E-1	3.377E+0	0.000E+0
7.246E+1	1.331E-1	3.392E+0	0.000E+0
7.264E+1	1.361E-1	3.398E+0	0.000E+0
7.277E+1	1.364E-1	3.399E+0	0.000E+0
7.289E+1	1.367E-1	3.399E+0	0.000E+0
7.302E+1	1.364E-1	3.403E+0	0.000E+0
7.314E+1	1.383E-1	3.408E+0	0.000E+0
7.327E+1	1.388E-1	3.407E+0	0.000E+0
7.361E+1	1.395E-1	3.414E+0	0.000E+0
7.393E+1	1.416E-1	3.422E+0	0.000E+0
7.405E+1	1.425E-1	3.424E+0	0.000E+0
7.418E+1	1.438E-1	3.448E+0	0.000E+0
7.431E+1	1.498E-1	3.460E+0	0.000E+0
7.452E+1	1.511E-1	3.462E+0	0.000E+0
7.465E+1	1.514E-1	3.463E+0	0.000E+0
7.484E+1	1.510E-1	3.463E+0	0.000E+0
7.496E+1	1.520E-1	3.467E+0	0.000E+0
7.509E+1	1.526E-1	3.469E+0	0.000E+0
7.521E+1	1.528E-1	3.469E+0	0.000E+0
7.534E+1	1.528E-1	3.470E+0	0.000E+0
7.547E+1	1.530E-1	3.470E+0	0.000E+0
7.562E+1	1.530E-1	3.476E+0	0.000E+0
7.575E+1	1.549E-1	3.479E+0	0.000E+0
7.594E+1	1.553E-1	3.480E+0	0.000E+0
7.607E+1	1.554E-1	3.488E+0	0.000E+0
7.619E+1	1.577E-1	3.494E+0	0.000E+0
7.632E+1	1.589E-1	3.497E+0	0.000E+0
7.645E+1	1.593E-1	3.498E+0	0.000E+0
7.657E+1	1.594E-1	3.499E+0	0.000E+0
7.672E+1	1.598E-1	3.499E+0	0.000E+0
7.685E+1	1.598E-1	3.499E+0	0.000E+0
7.704E+1	1.599E-1	3.496E+0	0.000E+0
7.717E+1	1.609E-1	3.513E+0	0.000E+0
7.729E+1	1.637E-1	3.519E+0	0.000E+0
7.742E+1	1.639E-1	3.520E+0	0.000E+0
7.754E+1	1.640E-1	3.521E+0	0.000E+0
7.767E+1	1.642E-1	3.521E+0	0.000E+0
7.783E+1	1.642E-1	3.522E+0	0.000E+0
7.795E+1	1.643E-1	3.523E+0	0.000E+0
7.815E+1	1.656E-1	3.530E+0	0.000E+0
7.827E+1	1.659E-1	3.531E+0	0.000E+0
7.840E+1	1.661E-1	3.548E+0	0.000E+0
7.852E+1	1.713E-1	3.570E+0	0.000E+0
7.865E+1	1.719E-1	3.571E+0	0.000E+0
7.877E+1	1.721E-1	3.572E+0	0.000E+0
7.911E+1	1.721E-1	3.573E+0	0.000E+0
7.943E+1	1.723E-1	3.573E+0	0.000E+0
7.956E+1	1.722E-1	3.571E+0	0.000E+0
7.968E+1	1.720E-1	3.572E+0	0.000E+0
7.981E+1	1.721E-1	3.579E+0	0.000E+0
8.003E+1	1.754E-1	3.615E+0	0.000E+0
8.015E+1	1.778E-1	3.621E+0	0.000E+0
8.035E+1	1.821E-1	3.668E+0	0.000E+0
8.047E+1	1.822E-1	3.669E+0	0.000E+0
8.060E+1	1.822E-1	3.670E+0	0.000E+0
8.072E+1	1.822E-1	3.670E+0	0.000E+0
8.085E+1	1.823E-1	3.670E+0	0.000E+0
8.097E+1	1.823E-1	3.668E+0	0.000E+0
8.113E+1	1.824E-1	3.678E+0	0.000E+0
8.125E+1	1.827E-1	3.686E+0	0.000E+0
8.145E+1	1.830E-1	3.753E+0	0.000E+0
8.157E+1	1.824E-1	3.756E+0	0.000E+0
8.170E+1	1.823E-1	3.757E+0	0.000E+0
8.182E+1	1.824E-1	3.757E+0	0.000E+0
8.195E+1	1.825E-1	3.757E+0	0.000E+0
8.208E+1	1.825E-1	3.757E+0	0.000E+0
8.223E+1	1.824E-1	3.757E+0	0.000E+0
8.235E+1	1.824E-1	3.760E+0	0.000E+0
8.255E+1	1.817E-1	3.772E+0	0.000E+0
8.267E+1	1.814E-1	3.779E+0	0.000E+0
8.280E+1	1.811E-1	3.789E+0	0.000E+0
8.292E+1	1.796E-1	3.820E+0	0.000E+0
8.305E+1	1.766E-1	3.837E+0	0.000E+0
8.317E+1	1.762E-1	3.839E+0	0.000E+0
8.333E+1	1.759E-1	3.840E+0	0.000E+0
8.345E+1	1.758E-1	3.840E+0	0.000E+0
8.365E+1	1.759E-1	3.840E+0	0.000E+0
8.378E+1	1.756E-1	3.846E+0	0.000E+0
8.390E+1	1.747E-1	3.859E+0	0.000E+0
8.403E+1	1.732E-1	3.866E+0	0.000E+0
8.415E+1	1.715E-1	3.881E+0	0.000E+0
8.428E+1	1.701E-1	3.891E+0	0.000E+0
8.462E+1	1.685E-1	3.913E+0	0.000E+0
8.494E+1	1.625E-1	3.933E+0	0.000E+0
8.506E+1	1.624E-1	3.933E+0	0.000E+0
8.519E+1	1.623E-1	3.933E+0	0.000E+0
8.531E+1	1.623E-1	3.938E+0	0.000E+0
8.553E+1	1.611E-1	3.966E+0	0.000E+0
8.566E+1	1.546E-1	3.981E+0	0.000E+0
8.585E+1	1.530E-1	3.984E+0	0.000E+0
8.598E+1	1.529E-1	3.985E+0	0.000E+0
8.610E+1	1.527E-1	3.986E+0	0.000E+0
8.623E+1	1.524E-1	3.987E+0	0.000E+0
8.635E+1	1.523E-1	3.987E+0	0.000E+0
8.648E+1	1.523E-1	3.986E+0	0.000E+0
8.663E+1	1.522E-1	3.987E+0	0.000E+0
8.676E+1	1.521E-1	3.988E+0	0.000E+0
8.695E+1	1.522E-1	3.986E+0	0.000E+0
9.708E+1	1.506E-1	NaN	0.000E+0
9.721E+1	1.078E-1	4.157E+0	0.000E+0
9.733E+1	1.079E-1	4.157E+0	0.000E+0
9.746E+1	1.081E-1	4.157E+0	0.000E+0
9.763E+1	1.079E-1	4.157E+0	0.000E+0
9.776E+1	1.079E-1	4.157E+0	0.000E+0
9.795E+1	1.079E-1	4.158E+0	0.000E+0
9.808E+1	1.079E-1	4.158E+0	0.000E+0
9.820E+1	1.079E-1	4.157E+0	0.000E+0
9.833E+1	1.080E-1	4.157E+0	0.000E+0
9.845E+1	1.078E-1	4.157E+0	0.000E+0
9.858E+1	1.077E-1	4.158E+0	0.000E+0
9.873E+1	1.078E-1	4.158E+0	0.000E+0
9.886E+1	1.077E-1	4.158E+0	0.000E+0
9.905E+1	1.078E-1	4.158E+0	0.000E+0
9.918E+1	1.077E-1	4.158E+0	0.000E+0
9.930E+1	1.079E-1	4.157E+0	0.000E+0
9.943E+1	1.079E-1	4.167E+0	0.000E+0
9.956E+1	1.010E-1	4.183E+0	0.000E+0
9.989E+1	9.511E-2	4.203E+0	0.000E+0
1.000E+2	9.338E-2	4.205E+0	0.000E+0
1.002E+2	9.226E-2	4.208E+0	0.000E+0
1.003E+2	9.185E-2	4.209E+0	0.000E+0
1.004E+2	9.145E-2	4.211E+0	0.000E+0
1.005E+2	9.091E-2	4.212E+0	0.000E+0
1.007E+2	9.028E-2	4.214E+0	0.000E+0
1.008E+2	8.979E-2	4.215E+0	0.000E+0
1.011E+2	8.959E-2	4.224E+0	0.000E+0
1.014E+2	7.363E-2	4.279E+0	0.000E+0
1.016E+2	6.284E-2	4.315E+0	0.000E+0
1.017E+2	5.504E-2	4.321E+0	0.000E+0
1.018E+2	5.465E-2	4.325E+0	0.000E+0
1.020E+2	5.429E-2	4.326E+0	0.000E+0
1.022E+2	5.392E-2	4.326E+0	0.000E+0
1.024E+2	5.547E-2	4.333E+0	0.000E+0
1.025E+2	5.021E-2	4.343E+0	0.000E+0
1.026E+2	4.650E-2	4.353E+0	0.000E+0
1.027E+2	4.527E-2	4.353E+0	0.000E+0
1.029E+2	4.501E-2	4.355E+0	0.000E+0
1.030E+2	4.454E-2	4.356E+0	0.000E+0
1.031E+2	4.428E-2	4.358E+0	0.000E+0
1.033E+2	4.074E-2	4.373E+0	0.000E+0
1.035E+2	3.710E-2	4.382E+0	0.000E+0
1.036E+2	3.625E-2	4.384E+0	0.000E+0
1.037E+2	3.585E-2	4.386E+0	0.000E+0
1.038E+2	3.545E-2	4.386E+0	0.000E+0
1.040E+2	3.546E-2	4.387E+0	0.000E+0
1.041E+2	3.559E-2	4.394E+0	0.000E+0
1.042E+2	3.127E-2	4.416E+0	0.000E+0
1.044E+2	2.974E-2	4.424E+0	0.000E+0
1.046E+2	2.961E-2	4.430E+0	0.000E+0
1.047E+2	2.953E-2	4.434E+0	0.000E+0
1.048E+2	2.987E-2	4.436E+0	0.000E+0
1.049E+2	2.990E-2	4.438E+0	0.000E+0
1.051E+2	3.004E-2	4.441E+0	0.000E+0
1.052E+2	3.020E-2	4.443E+0	0.000E+0
1.053E+2	3.033E-2	4.443E+0	0.000E+0
1.055E+2	3.047E-2	4.444E+0	0.000E+0
1.057E+2	3.107E-2	4.462E+0	0.000E+0
1.058E+2	3.290E-2	4.484E+0	0.000E+0
1.059E+2	3.328E-2	4.488E+0	0.000E+0
1.060E+2	3.335E-2	4.489E+0	0.000E+0
1.062E+2	3.339E-2	4.490E+0	0.000E+0
1.063E+2	3.338E-2	4.490E+0	0.000E+0
1.066E+2	3.341E-2	4.492E+0	0.000E+0
1.069E+2	3.366E-2	4.493E+0	0.000E+0
1.071E+2	3.345E-2	4.498E+0	0.000E+0
1.072E+2	3.396E-2	4.513E+0	0.000E+0
1.073E+2	3.399E-2	4.536E+0	0.000E+0
1.075E+2	3.258E-2	4.577E+0	0.000E+0
1.077E+2	3.190E-2	4.578E+0	0.000E+0
1.079E+2	3.206E-2	4.578E+0	0.000E+0
1.080E+2	3.202E-2	4.578E+0	0.000E+0
1.081E+2	3.205E-2	4.578E+0	0.000E+0
1.082E+2	3.210E-2	4.579E+0	0.000E+0
1.084E+2	3.189E-2	4.577E+0	0.000E+0
1.085E+2	3.202E-2	4.579E+0	0.000E+0
1.086E+2	3.201E-2	4.580E+0	0.000E+0
1.088E+2	3.194E-2	4.579E+0	0.000E+0
1.090E+2	3.196E-2	4.584E+0	0.000E+0
1.091E+2	3.202E-2	4.592E+0	0.000E+0
1.092E+2	3.210E-2	4.595E+0	0.000E+0
1.093E+2	3.215E-2	4.596E+0	0.000E+0
1.095E+2	3.260E-2	4.633E+0	0.000E+0
1.096E+2	3.891E-2	4.645E+0	0.000E+0
1.097E+2	3.954E-2	4.647E+0	0.000E+0
1.099E+2	3.952E-2	4.647E+0	0.000E+0
1.101E+2	3.985E-2	4.648E+0	0.000E+0
1.102E+2	3.988E-2	4.648E+0	0.000E+0
1.103E+2	3.987E-2	4.648E+0	0.000E+0
1.104E+2	3.952E-2	4.649E+0	0.000E+0
1.106E+2	4.141E-2	4.668E+0	0.000E+0
1.107E+2	4.529E-2	4.674E+0	0.000E+0
1.108E+2	4.590E-2	4.675E+0	0.000E+0
1.110E+2	4.586E-2	4.675E+0	0.000E+0
1.112E+2	4.559E-2	4.678E+0	0.000E+0
1.113E+2	5.059E-2	4.724E+0	0.000E+0
1.114E+2	5.662E-2	4.731E+0	0.000E+0
1.115E+2	5.706E-2	4.732E+0	0.000E+0
1.117E+2	5.727E-2	4.733E+0	0.000E+0
1.118E+2	5.743E-2	4.734E+0	0.000E+0
1.121E+2	5.757E-2	4.734E+0	0.000E+0
1.124E+2	5.768E-2	4.734E+0	0.000E+0
1.126E+2	5.755E-2	4.732E+0	0.000E+0
1.127E+2	6.066E-2	4.759E+0	0.000E+0
1.128E+2	6.343E-2	4.762E+0	0.000E+0
1.130E+2	6.383E-2	4.764E+0	0.000E+0
1.132E+2	6.373E-2	4.765E+0	0.000E+0
1.134E+2	6.951E-2	4.789E+0	0.000E+0
1.135E+2	7.755E-2	4.835E+0	0.000E+0
1.136E+2	8.520E-2	4.840E+0	0.000E+0
1.137E+2	8.606E-2	4.841E+0	0.000E+0
1.139E+2	8.629E-2	4.841E+0	0.000E+0
1.140E+2	8.640E-2	4.841E+0	0.000E+0
1.141E+2	8.588E-2	4.843E+0	0.000E+0
1.143E+2	8.710E-2	4.845E+0	0.000E+0
1.145E+2	9.033E-2	4.856E+0	0.000E+0
1.146E+2	9.227E-2	4.863E+0	0.000E+0
1.147E+2	9.521E-2	4.868E+0	0.000E+0
1.148E+2	9.582E-2	4.867E+0	0.000E+0
1.150E+2	9.839E-2	4.879E+0	0.000E+0
1.151E+2	9.974E-2	4.883E+0	0.000E+0
1.152E+2	1.052E-1	4.908E+0	0.000E+0
1.154E+2	1.113E-1	4.913E+0	0.000E+0
1.156E+2	1.120E-1	4.915E+0	0.000E+0
1.157E+2	1.124E-1	4.915E+0	0.000E+0
1.158E+2	1.124E-1	4.916E+0	0.000E+0
1.159E+2	1.127E-1	4.916E+0	0.000E+0
1.161E+2	1.129E-1	4.916E+0	0.000E+0
1.162E+2	1.127E-1	4.917E+0	0.000E+0
1.163E+2	1.130E-1	4.918E+0	0.000E+0
1.165E+2	1.134E-1	4.918E+0	0.000E+0
1.167E+2	1.134E-1	4.918E+0	0.000E+0
1.168E+2	1.136E-1	4.918E+0	0.000E+0
1.169E+2	1.130E-1	4.955E+0	0.000E+0
1.172E+2	1.341E-1	4.975E+0	0.000E+0
1.176E+2	1.385E-1	5.034E+0	0.000E+0
1.180E+2	1.643E-1	5.037E+0	0.000E+0
1.181E+2	1.644E-1	5.035E+0	0.000E+0
1.182E+2	1.718E-1	5.059E+0	0.000E+0
1.183E+2	1.772E-1	5.070E+0	0.000E+0
1.185E+2	1.894E-1	5.102E+0	0.000E+0
1.187E+2	2.001E-1	5.121E+0	0.000E+0
1.189E+2	2.157E-1	5.146E+0	0.000E+0
1.190E+2	2.230E-1	5.153E+0	0.000E+0
1.191E+2	2.268E-1	5.159E+0	0.000E+0
1.192E+2	2.281E-1	5.161E+0	0.000E+0
1.194E+2	2.275E-1	5.160E+0	0.000E+0
1.195E+2	2.399E-1	5.196E+0	0.000E+0
1.196E+2	2.504E-1	5.201E+0	0.000E+0
1.198E+2	2.517E-1	5.201E+0	0.000E+0
1.200E+2	2.522E-1	5.203E+0	0.000E+0
1.201E+2	2.523E-1	5.202E+0	0.000E+0
1.202E+2	2.526E-1	5.203E+0	0.000E+0
1.203E+2	2.529E-1	5.204E+0	0.000E+0
1.205E+2	2.522E-1	5.214E+0	0.000E+0
1.206E+2	2.622E-1	5.222E+0	0.000E+0
1.207E+2	2.677E-1	5.247E+0	0.000E+0
1.209E+2	2.806E-1	5.255E+0	0.000E+0
1.211E+2	2.843E-1	5.259E+0	0.000E+0
1.212E+2	2.865E-1	5.264E+0	0.000E+0
1.213E+2	2.874E-1	5.262E+0	0.000E+0
1.214E+2	2.911E-1	5.274E+0	0.000E+0
1.216E+2	2.938E-1	5.277E+0	0.000E+0
1.217E+2	2.944E-1	5.291E+0	0.000E+0
1.218E+2	3.092E-1	5.302E+0	0.000E+0
1.220E+2	3.151E-1	5.320E+0	0.000E+0
1.222E+2	3.268E-1	5.333E+0	0.000E+0
1.223E+2	3.269E-1	5.333E+0	0.000E+0
1.224E+2	3.276E-1	5.338E+0	0.000E+0
1.225E+2	3.307E-1	5.352E+0	0.000E+0
1.227E+2	3.460E-1	5.377E+0	0.000E+0
1.228E+2	3.548E-1	5.381E+0	0.000E+0
1.231E+2	3.554E-1	5.385E+0	0.000E+0
1.235E+2	3.582E-1	5.421E+0	0.000E+0
1.236E+2	3.835E-1	5.436E+0	0.000E+0
1.237E+2	3.864E-1	5.438E+0	0.000E+0
1.238E+2	3.870E-1	5.439E+0	0.000E+0
1.241E+2	3.871E-1	5.439E+0	0.000E+0
1.242E+2	3.873E-1	5.439E+0	0.000E+0
1.244E+2	3.894E-1	5.460E+0	0.000E+0
1.245E+2	4.016E-1	5.468E+0	0.000E+0
1.246E+2	4.034E-1	5.470E+0	0.000E+0
1.247E+2	4.039E-1	5.471E+0	0.000E+0
1.249E+2	4.049E-1	5.472E+0	0.000E+0
1.250E+2	4.048E-1	5.464E+0	0.000E+0
1.252E+2	4.270E-1	5.551E+0	0.000E+0
1.253E+2	4.525E-1	5.561E+0	0.000E+0
1.255E+2	4.556E-1	5.565E+0	0.000E+0
1.256E+2	4.564E-1	5.565E+0	0.000E+0
1.257E+2	4.562E-1	5.565E+0	0.000E+0
1.258E+2	4.566E-1	5.566E+0	0.000E+0
1.260E+2	4.719E-1	5.601E+0	0.000E+0
1.261E+2	4.798E-1	5.604E+0	0.000E+0
1.263E+2	4.805E-1	5.606E+0	0.000E+0
1.264E+2	4.819E-1	5.607E+0	0.000E+0
1.266E+2	4.821E-1	5.607E+0	0.000E+0
1.267E+2	4.825E-1	5.607E+0	0.000E+0
1.268E+2	4.825E-1	5.608E+0	0.000E+0
1.269E+2	4.828E-1	5.608E+0	0.000E+0
1.271E+2	4.826E-1	5.608E+0	0.000E+0
1.272E+2	4.822E-1	5.608E+0	0.000E+0
1.274E+2	4.823E-1	5.609E+0	0.000E+0
1.275E+2	4.831E-1	5.610E+0	0.000E+0
1.277E+2	4.784E-1	5.592E+0	0.000E+0
1.278E+2	4.726E-1	5.596E+0	0.000E+0
1.279E+2	4.742E-1	5.596E+0	0.000E+0
1.280E+2	4.736E-1	5.596E+0	0.000E+0
1.282E+2	4.745E-1	5.597E+0	0.000E+0
1.283E+2	4.745E-1	5.597E+0	0.000E+0
1.286E+2	4.742E-1	5.596E+0	0.000E+0
1.290E+2	4.743E-1	5.598E+0	0.000E+0
1.291E+2	4.745E-1	5.603E+0	0.000E+0
1.292E+2	4.832E-1	5.615E+0	0.000E+0
1.293E+2	4.838E-1	5.624E+0	0.000E+0
1.296E+2	4.928E-1	5.628E+0	0.000E+0
1.297E+2	4.925E-1	5.628E+0	0.000E+0
1.299E+2	4.948E-1	5.642E+0	0.000E+0
1.300E+2	5.131E-1	5.656E+0	0.000E+0
1.301E+2	5.713E-1	5.694E+0	0.000E+0
1.307E+2	1.339E+1	5.463E+0	0.000E+0
1.308E+2	1.340E+1	5.317E+0	0.000E+0
1.310E+2	1.341E+1	4.819E+0	0.000E+0
1.311E+2	1.341E+1	4.469E+0	0.000E+0
1.314E+2	3.178E+0	3.546E+0	0.000E+0
1.319E+2	-9.972E-3	2.872E+0	0.000E+0
1.321E+2	-9.898E-3	2.872E+0	0.000E+0
1.322E+2	-9.747E-3	2.872E+0	0.000E+0
1.323E+2	-9.672E-3	2.872E+0	0.000E+0
1.325E+2	-9.828E-3	2.872E+0	0.000E+0
1.326E+2	-9.684E-3	2.872E+0	0.000E+0
1.327E+2	-9.506E-3	2.872E+0	0.000E+0
1.329E+2	-9.586E-3	2.872E+0	0.000E+0
1.330E+2	-9.552E-3	2.872E+0	0.000E+0
1.332E+2	-9.430E-3	2.872E+0	0.000E+0
1.333E+2	-9.600E-3	2.872E+0	0.000E+0
1.334E+2	-9.398E-3	2.872E+0	0.000E+0
1.336E+2	-9.303E-3	2.872E+0	0.000E+0